Id,Prediction
1,0
2,0
3,1
4,1
5,1
6,1
7,0
8,0
9,0
10,1
11,0
12,0
13,0
14,1
15,1
16,0
17,1
18,1
19,0
20,1
21,1
22,0
23,0
24,0
25,1
26,1
27,1
28,1
29,1
30,1
31,0
32,0
33,1
34,1
35,1
36,1
37,1
38,0
39,1
40,1
41,1
42,0
43,0
44,0
45,0
46,1
47,1
48,1
49,0
50,1
51,1
52,1
53,1
54,1
55,1
56,1
57,1
58,1
59,1
60,1
61,0
62,1
63,1
64,1
65,1
66,0
67,1
68,1
69,0
70,0
71,1
72,0
73,0
74,0
75,0
76,1
77,1
78,0
79,1
80,0
81,1
82,0
83,1
84,0
85,1
86,1
87,0
88,1
89,1
90,1
91,1
92,1
93,1
94,1
95,1
96,0
97,1
98,1
99,1
100,1
101,1
102,1
103,0
104,0
105,1
106,1
107,0
108,1
109,0
110,0
111,1
112,1
113,1
114,0
115,1
116,0
117,1
118,0
119,0
120,1
121,0
122,0
123,0
124,0
125,1
126,1
127,0
128,0
129,0
130,0
131,1
132,0
133,1
134,1
135,1
136,0
137,1
138,0
139,1
140,0
141,1
142,1
143,0
144,0
145,1
146,0
147,0
148,0
149,0
150,0
151,0
152,0
153,0
154,1
155,0
156,0
157,1
158,1
159,0
160,1
161,0
162,1
163,1
164,0
165,0
166,1
167,1
168,1
169,1
170,1
171,1
172,0
173,0
174,0
175,1
176,1
177,0
178,1
179,1
180,1
181,0
182,1
183,1
184,1
185,0
186,1
187,1
188,0
189,0
190,0
191,1
192,1
193,1
194,0
195,1
196,0
197,1
198,0
199,0
200,1
201,0
202,0
203,0
204,1
205,0
206,0
207,0
208,0
209,1
210,0
211,0
212,1
213,0
214,0
215,1
216,1
217,0
218,1
219,0
220,1
221,1
222,1
223,1
224,0
225,1
226,0
227,1
228,0
229,0
230,0
231,1
232,0
233,1
234,0
235,1
236,0
237,1
238,1
239,1
240,1
241,1
242,0
243,1
244,0
245,0
246,0
247,1
248,1
249,0
250,0
251,1
252,1
253,1
254,1
255,0
256,0
257,0
258,0
259,1
260,0
261,1
262,1
263,1
264,1
265,0
266,1
267,1
268,0
269,1
270,0
271,0
272,1
273,0
274,0
275,0
276,1
277,0
278,1
279,0
280,1
281,0
282,1
283,0
284,1
285,1
286,0
287,1
288,0
289,0
290,0
291,0
292,1
293,1
294,0
295,1
296,1
297,1
298,1
299,1
300,1
301,0
302,1
303,1
304,1
305,0
306,1
307,1
308,0
309,1
310,1
311,1
312,0
313,0
314,1
315,0
316,0
317,0
318,1
319,0
320,0
321,1
322,0
323,0
324,0
325,1
326,1
327,1
328,1
329,1
330,0
331,1
332,1
333,1
334,1
335,1
336,1
337,0
338,1
339,0
340,0
341,1
342,1
343,1
344,0
345,0
346,1
347,0
348,0
349,0
350,1
351,1
352,0
353,0
354,0
355,1
356,1
357,1
358,1
359,1
360,0
361,1
362,1
363,0
364,1
365,0
366,0
367,0
368,1
369,0
370,0
371,0
372,0
373,1
374,0
375,0
376,0
377,1
378,0
379,0
380,1
381,1
382,1
383,0
384,0
385,1
386,0
387,0
388,0
389,1
390,1
391,0
392,1
393,0
394,0
395,0
396,0
397,0
398,1
399,1
400,0
401,0
402,0
403,0
404,0
405,1
406,1
407,1
408,1
409,1
410,1
411,0
412,0
413,1
414,1
415,1
416,0
417,1
418,1
419,1
420,0
421,1
422,1
423,0
424,0
425,0
426,0
427,1
428,1
429,0
430,0
431,0
432,0
433,1
434,1
435,1
436,1
437,0
438,0
439,1
440,0
441,0
442,1
443,0
444,1
445,0
446,1
447,0
448,0
449,0
450,1
451,0
452,1
453,0
454,0
455,1
456,1
457,0
458,0
459,0
460,1
461,0
462,1
463,0
464,1
465,1
466,1
467,0
468,0
469,1
470,1
471,1
472,1
473,0
474,1
475,1
476,0
477,1
478,1
479,0
480,1
481,1
482,0
483,1
484,0
485,0
486,1
487,1
488,0
489,0
490,0
491,0
492,1
493,0
494,0
495,0
496,1
497,0
498,0
499,1
500,0
501,0
502,0
503,0
504,1
505,1
506,1
507,1
508,1
509,0
510,0
511,0
512,0
513,0
514,0
515,0
516,0
517,1
518,1
519,1
520,1
521,1
522,1
523,1
524,0
525,1
526,1
527,1
528,1
529,0
530,0
531,1
532,0
533,1
534,1
535,1
536,1
537,1
538,0
539,0
540,0
541,0
542,1
543,0
544,0
545,0
546,1
547,0
548,1
549,1
550,1
551,1
552,1
553,0
554,0
555,1
556,1
557,1
558,1
559,0
560,1
561,0
562,1
563,0
564,1
565,1
566,1
567,0
568,1
569,0
570,1
571,0
572,0
573,1
574,0
575,1
576,0
577,0
578,1
579,0
580,1
581,1
582,1
583,0
584,0
585,0
586,0
587,0
588,0
589,1
590,0
591,0
592,0
593,1
594,1
595,0
596,0
597,1
598,0
599,1
600,1
601,1
602,0
603,1
604,0
605,0
606,0
607,0
608,1
609,0
610,0
611,1
612,1
613,1
614,0
615,1
616,1
617,0
618,0
619,0
620,0
621,1
622,0
623,0
624,0
625,1
626,0
627,1
628,1
629,0
630,1
631,1
632,0
633,0
634,1
635,1
636,1
637,1
638,1
639,0
640,0
641,0
642,1
643,0
644,1
645,1
646,1
647,0
648,1
649,1
650,1
651,1
652,0
653,1
654,0
655,0
656,0
657,1
658,0
659,0
660,0
661,1
662,0
663,1
664,1
665,0
666,1
667,1
668,1
669,0
670,0
671,1
672,0
673,0
674,0
675,1
676,1
677,0
678,1
679,0
680,1
681,1
682,1
683,0
684,0
685,0
686,0
687,0
688,1
689,0
690,0
691,1
692,1
693,0
694,1
695,1
696,1
697,1
698,1
699,0
700,1
701,0
702,0
703,0
704,0
705,1
706,0
707,0
708,0
709,1
710,1
711,1
712,0
713,1
714,0
715,1
716,0
717,0
718,0
719,0
720,0
721,1
722,0
723,0
724,0
725,0
726,1
727,0
728,1
729,1
730,1
731,1
732,1
733,1
734,0
735,0
736,0
737,0
738,1
739,1
740,1
741,0
742,1
743,1
744,0
745,0
746,0
747,1
748,1
749,0
750,1
751,0
752,1
753,0
754,1
755,0
756,1
757,1
758,0
759,0
760,0
761,1
762,0
763,0
764,0
765,0
766,0
767,1
768,1
769,1
770,0
771,0
772,1
773,1
774,1
775,0
776,0
777,1
778,1
779,0
780,1
781,0
782,1
783,1
784,0
785,1
786,0
787,0
788,1
789,1
790,0
791,0
792,0
793,0
794,1
795,1
796,1
797,0
798,0
799,1
800,1
801,1
802,1
803,1
804,1
805,1
806,0
807,1
808,0
809,0
810,0
811,0
812,0
813,0
814,0
815,0
816,1
817,1
818,1
819,0
820,1
821,0
822,1
823,0
824,0
825,1
826,1
827,0
828,1
829,0
830,0
831,0
832,0
833,0
834,1
835,1
836,0
837,1
838,0
839,1
840,0
841,1
842,0
843,0
844,0
845,0
846,0
847,1
848,1
849,0
850,0
851,0
852,0
853,1
854,0
855,1
856,1
857,0
858,1
859,1
860,1
861,0
862,0
863,1
864,0
865,0
866,0
867,1
868,1
869,0
870,0
871,0
872,1
873,0
874,1
875,1
876,0
877,1
878,1
879,0
880,1
881,1
882,1
883,1
884,1
885,1
886,0
887,0
888,1
889,0
890,1
891,1
892,1
893,0
894,1
895,0
896,0
897,0
898,0
899,1
900,0
901,0
902,0
903,1
904,0
905,1
906,1
907,0
908,0
909,0
910,1
911,0
912,0
913,1
914,0
915,0
916,1
917,0
918,1
919,1
920,1
921,0
922,0
923,0
924,1
925,0
926,1
927,1
928,1
929,1
930,0
931,1
932,0
933,0
934,1
935,0
936,0
937,1
938,0
939,1
940,1
941,1
942,1
943,0
944,1
945,1
946,0
947,1
948,0
949,1
950,0
951,0
952,0
953,1
954,1
955,1
956,0
957,0
958,1
959,0
960,0
961,0
962,0
963,1
964,1
965,1
966,0
967,1
968,0
969,0
970,1
971,0
972,0
973,1
974,0
975,1
976,1
977,0
978,1
979,0
980,0
981,1
982,0
983,1
984,0
985,0
986,1
987,1
988,1
989,1
990,0
991,1
992,0
993,1
994,1
995,0
996,1
997,1
998,0
999,1
1000,1
1001,1
1002,0
1003,0
1004,0
1005,1
1006,0
1007,1
1008,1
1009,1
1010,1
1011,0
1012,1
1013,1
1014,1
1015,1
1016,1
1017,0
1018,1
1019,0
1020,0
1021,1
1022,1
1023,1
1024,1
1025,1
1026,0
1027,1
1028,0
1029,1
1030,0
1031,1
1032,0
1033,0
1034,0
1035,0
1036,1
1037,0
1038,0
1039,1
1040,1
1041,1
1042,0
1043,0
1044,0
1045,0
1046,1
1047,1
1048,1
1049,0
1050,1
1051,1
1052,1
1053,0
1054,0
1055,0
1056,0
1057,1
1058,0
1059,1
1060,1
1061,1
1062,0
1063,1
1064,0
1065,1
1066,0
1067,1
1068,1
1069,1
1070,1
1071,1
1072,0
1073,1
1074,0
1075,1
1076,0
1077,1
1078,1
1079,1
1080,0
1081,0
1082,1
1083,0
1084,1
1085,1
1086,0
1087,0
1088,1
1089,0
1090,1
1091,1
1092,1
1093,0
1094,0
1095,1
1096,0
1097,1
1098,0
1099,0
1100,1
1101,1
1102,1
1103,0
1104,1
1105,0
1106,0
1107,0
1108,0
1109,1
1110,1
1111,0
1112,0
1113,1
1114,1
1115,1
1116,0
1117,1
1118,0
1119,1
1120,1
1121,1
1122,0
1123,0
1124,1
1125,0
1126,0
1127,1
1128,0
1129,0
1130,0
1131,0
1132,1
1133,1
1134,0
1135,1
1136,1
1137,0
1138,0
1139,0
1140,0
1141,0
1142,1
1143,1
1144,0
1145,0
1146,1
1147,1
1148,1
1149,0
1150,1
1151,0
1152,1
1153,1
1154,1
1155,0
1156,1
1157,0
1158,0
1159,0
1160,0
1161,0
1162,1
1163,1
1164,0
1165,1
1166,0
1167,0
1168,0
1169,0
1170,0
1171,1
1172,0
1173,0
1174,0
1175,1
1176,1
1177,1
1178,0
1179,0
1180,0
1181,0
1182,0
1183,1
1184,1
1185,0
1186,0
1187,1
1188,1
1189,1
1190,1
1191,1
1192,1
1193,0
1194,0
1195,1
1196,1
1197,1
1198,0
1199,0
1200,0
1201,0
1202,1
1203,1
1204,0
1205,0
1206,1
1207,0
1208,0
1209,0
1210,0
1211,0
1212,0
1213,1
1214,1
1215,1
1216,0
1217,0
1218,1
1219,1
1220,0
1221,0
1222,1
1223,1
1224,0
1225,1
1226,0
1227,0
1228,0
1229,1
1230,0
1231,0
1232,0
1233,1
1234,0
1235,1
1236,0
1237,1
1238,1
1239,0
1240,0
1241,0
1242,0
1243,1
1244,0
1245,1
1246,0
1247,0
1248,0
1249,0
1250,0
1251,0
1252,1
1253,0
1254,0
1255,0
1256,1
1257,0
1258,0
1259,1
1260,1
1261,1
1262,1
1263,0
1264,0
1265,1
1266,0
1267,0
1268,1
1269,0
1270,0
1271,1
1272,1
1273,0
1274,1
1275,0
1276,0
1277,0
1278,0
1279,0
1280,1
1281,0
1282,0
1283,1
1284,1
1285,0
1286,1
1287,0
1288,1
1289,0
1290,1
1291,1
1292,1
1293,1
1294,1
1295,1
1296,1
1297,1
1298,0
1299,0
1300,1
1301,1
1302,1
1303,0
1304,0
1305,0
1306,0
1307,0
1308,1
1309,1
1310,0
1311,0
1312,0
1313,1
1314,0
1315,0
1316,0
1317,1
1318,1
1319,1
1320,0
1321,0
1322,0
1323,0
1324,1
1325,1
1326,0
1327,0
1328,1
1329,0
1330,1
1331,0
1332,0
1333,0
1334,1
1335,0
1336,1
1337,1
1338,0
1339,1
1340,0
1341,0
1342,0
1343,1
1344,0
1345,1
1346,0
1347,0
1348,1
1349,0
1350,0
1351,1
1352,1
1353,0
1354,0
1355,0
1356,1
1357,1
1358,1
1359,1
1360,0
1361,0
1362,1
1363,1
1364,0
1365,0
1366,1
1367,1
1368,1
1369,0
1370,1
1371,0
1372,0
1373,1
1374,1
1375,0
1376,0
1377,0
1378,0
1379,0
1380,1
1381,0
1382,1
1383,1
1384,0
1385,1
1386,1
1387,0
1388,1
1389,0
1390,1
1391,1
1392,1
1393,1
1394,0
1395,1
1396,1
1397,0
1398,1
1399,0
1400,1
1401,1
1402,0
1403,0
1404,0
1405,1
1406,1
1407,0
1408,0
1409,0
1410,1
1411,1
1412,0
1413,0
1414,1
1415,1
1416,0
1417,1
1418,1
1419,1
1420,0
1421,0
1422,1
1423,0
1424,0
1425,0
1426,0
1427,0
1428,0
1429,1
1430,1
1431,0
1432,1
1433,0
1434,1
1435,0
1436,1
1437,0
1438,0
1439,0
1440,0
1441,1
1442,1
1443,1
1444,0
1445,0
1446,0
1447,0
1448,0
1449,0
1450,0
1451,0
1452,1
1453,1
1454,1
1455,0
1456,0
1457,0
1458,1
1459,0
1460,0
1461,1
1462,1
1463,0
1464,1
1465,1
1466,1
1467,0
1468,0
1469,1
1470,1
1471,0
1472,0
1473,1
1474,0
1475,1
1476,0
1477,0
1478,1
1479,0
1480,0
1481,0
1482,0
1483,1
1484,0
1485,1
1486,0
1487,0
1488,1
1489,1
1490,0
1491,0
1492,0
1493,0
1494,1
1495,0
1496,0
1497,0
1498,0
1499,0
1500,1
1501,0
1502,1
1503,1
1504,1
1505,1
1506,1
1507,1
1508,0
1509,0
1510,1
1511,1
1512,0
1513,1
1514,0
1515,1
1516,1
1517,1
1518,1
1519,0
1520,0
1521,0
1522,1
1523,1
1524,0
1525,0
1526,1
1527,0
1528,0
1529,1
1530,0
1531,1
1532,0
1533,0
1534,0
1535,0
1536,1
1537,0
1538,1
1539,1
1540,0
1541,1
1542,1
1543,1
1544,0
1545,1
1546,1
1547,1
1548,1
1549,1
1550,0
1551,1
1552,0
1553,1
1554,0
1555,0
1556,0
1557,1
1558,1
1559,0
1560,1
1561,1
1562,1
1563,0
1564,1
1565,0
1566,1
1567,1
1568,1
1569,0
1570,1
1571,0
1572,0
1573,0
1574,0
1575,1
1576,1
1577,1
1578,1
1579,0
1580,0
1581,1
1582,1
1583,1
1584,1
1585,0
1586,0
1587,1
1588,0
1589,1
1590,0
1591,1
1592,1
1593,0
1594,1
1595,0
1596,1
1597,1
1598,0
1599,1
1600,0
1601,0
1602,1
1603,1
1604,0
1605,0
1606,1
1607,0
1608,0
1609,0
1610,1
1611,0
1612,1
1613,0
1614,1
1615,1
1616,0
1617,0
1618,1
1619,0
1620,1
1621,0
1622,1
1623,0
1624,1
1625,0
1626,0
1627,1
1628,0
1629,0
1630,0
1631,1
1632,0
1633,1
1634,0
1635,1
1636,1
1637,0
1638,1
1639,0
1640,0
1641,0
1642,0
1643,0
1644,0
1645,0
1646,0
1647,1
1648,0
1649,0
1650,0
1651,0
1652,0
1653,1
1654,1
1655,0
1656,0
1657,0
1658,0
1659,0
1660,0
1661,0
1662,0
1663,1
1664,1
1665,0
1666,0
1667,0
1668,0
1669,1
1670,0
1671,0
1672,0
1673,1
1674,1
1675,0
1676,0
1677,0
1678,0
1679,0
1680,1
1681,0
1682,1
1683,1
1684,1
1685,1
1686,0
1687,0
1688,1
1689,1
1690,1
1691,0
1692,1
1693,0
1694,1
1695,1
1696,1
1697,1
1698,0
1699,1
1700,0
1701,0
1702,0
1703,0
1704,0
1705,0
1706,0
1707,0
1708,1
1709,1
1710,0
1711,1
1712,1
1713,1
1714,1
1715,0
1716,1
1717,1
1718,0
1719,0
1720,0
1721,1
1722,0
1723,0
1724,1
1725,0
1726,1
1727,0
1728,0
1729,1
1730,1
1731,1
1732,0
1733,1
1734,1
1735,1
1736,1
1737,0
1738,0
1739,1
1740,1
1741,1
1742,1
1743,1
1744,0
1745,0
1746,1
1747,0
1748,1
1749,0
1750,1
1751,1
1752,1
1753,0
1754,0
1755,0
1756,1
1757,1
1758,1
1759,0
1760,0
1761,0
1762,0
1763,0
1764,0
1765,1
1766,1
1767,0
1768,1
1769,0
1770,1
1771,0
1772,1
1773,0
1774,0
1775,0
1776,0
1777,0
1778,0
1779,0
1780,0
1781,1
1782,1
1783,1
1784,1
1785,0
1786,0
1787,0
1788,0
1789,1
1790,1
1791,1
1792,1
1793,1
1794,1
1795,1
1796,1
1797,0
1798,0
1799,0
1800,1
1801,0
1802,0
1803,1
1804,0
1805,1
1806,0
1807,0
1808,1
1809,1
1810,0
1811,1
1812,0
1813,0
1814,0
1815,0
1816,1
1817,0
1818,0
1819,1
1820,1
1821,1
1822,0
1823,0
1824,1
1825,0
1826,0
1827,1
1828,1
1829,0
1830,1
1831,0
1832,0
1833,1
1834,1
1835,1
1836,0
1837,0
1838,0
1839,1
1840,1
1841,0
1842,0
1843,0
1844,1
1845,1
1846,1
1847,0
1848,0
1849,0
1850,1
1851,0
1852,1
1853,0
1854,0
1855,0
1856,1
1857,1
1858,1
1859,1
1860,1
1861,0
1862,0
1863,1
1864,1
1865,0
1866,1
1867,1
1868,1
1869,0
1870,0
1871,1
1872,1
1873,0
1874,1
1875,1
1876,1
1877,0
1878,1
1879,0
1880,1
1881,1
1882,0
1883,0
1884,1
1885,1
1886,0
1887,1
1888,1
1889,1
1890,0
1891,1
1892,0
1893,1
1894,0
1895,0
1896,1
1897,1
1898,1
1899,1
1900,0
1901,0
1902,0
1903,0
1904,0
1905,1
1906,1
1907,0
1908,1
1909,1
1910,0
1911,0
1912,1
1913,0
1914,1
1915,0
1916,0
1917,1
1918,1
1919,0
1920,1
1921,1
1922,1
1923,0
1924,1
1925,0
1926,1
1927,0
1928,1
1929,1
1930,0
1931,0
1932,1
1933,0
1934,0
1935,0
1936,0
1937,0
1938,1
1939,0
1940,0
1941,0
1942,1
1943,0
1944,0
1945,1
1946,0
1947,0
1948,1
1949,0
1950,1
1951,1
1952,0
1953,1
1954,1
1955,0
1956,0
1957,1
1958,0
1959,1
1960,1
1961,1
1962,1
1963,1
1964,1
1965,1
1966,0
1967,1
1968,1
1969,1
1970,1
1971,1
1972,0
1973,1
1974,0
1975,1
1976,1
1977,0
1978,1
1979,0
1980,0
1981,0
1982,0
1983,0
1984,0
1985,1
1986,1
1987,0
1988,1
1989,1
1990,1
1991,1
1992,1
1993,0
1994,0
1995,1
1996,0
1997,0
1998,1
1999,1
2000,1
2001,0
2002,1
2003,0
2004,0
2005,1
2006,0
2007,1
2008,0
2009,1
2010,1
2011,0
2012,1
2013,1
2014,1
2015,0
2016,1
2017,0
2018,0
2019,0
2020,1
2021,1
2022,1
2023,0
2024,1
2025,0
2026,1
2027,0
2028,1
2029,1
2030,1
2031,1
2032,0
2033,0
2034,0
2035,0
2036,1
2037,0
2038,1
2039,0
2040,1
2041,0
2042,1
2043,1
2044,1
2045,0
2046,1
2047,1
2048,1
2049,1
2050,0
2051,0
2052,0
2053,0
2054,1
2055,1
2056,0
2057,1
2058,0
2059,1
2060,0
2061,1
2062,1
2063,0
2064,1
2065,1
2066,1
2067,1
2068,0
2069,0
2070,1
2071,1
2072,1
2073,0
2074,1
2075,1
2076,1
2077,1
2078,0
2079,1
2080,1
2081,0
2082,1
2083,0
2084,0
2085,1
2086,0
2087,1
2088,0
2089,1
2090,1
2091,0
2092,0
2093,0
2094,0
2095,0
2096,1
2097,0
2098,0
2099,0
2100,0
2101,1
2102,0
2103,1
2104,0
2105,0
2106,0
2107,0
2108,1
2109,0
2110,0
2111,0
2112,1
2113,0
2114,1
2115,1
2116,0
2117,0
2118,1
2119,1
2120,1
2121,1
2122,1
2123,0
2124,1
2125,0
2126,1
2127,0
2128,0
2129,0
2130,0
2131,0
2132,1
2133,0
2134,0
2135,0
2136,1
2137,1
2138,0
2139,1
2140,0
2141,1
2142,1
2143,0
2144,0
2145,1
2146,0
2147,0
2148,1
2149,0
2150,0
2151,0
2152,0
2153,1
2154,0
2155,0
2156,1
2157,0
2158,1
2159,1
2160,0
2161,1
2162,1
2163,1
2164,1
2165,0
2166,0
2167,1
2168,0
2169,0
2170,0
2171,1
2172,0
2173,0
2174,1
2175,1
2176,0
2177,0
2178,1
2179,1
2180,0
2181,1
2182,0
2183,1
2184,1
2185,0
2186,0
2187,1
2188,1
2189,0
2190,1
2191,0
2192,1
2193,1
2194,0
2195,0
2196,0
2197,0
2198,0
2199,1
2200,0
2201,0
2202,0
2203,1
2204,0
2205,0
2206,0
2207,1
2208,0
2209,1
2210,0
2211,0
2212,0
2213,1
2214,1
2215,0
2216,1
2217,1
2218,0
2219,1
2220,0
2221,1
2222,1
2223,0
2224,1
2225,0
2226,0
2227,0
2228,0
2229,1
2230,0
2231,1
2232,1
2233,0
2234,1
2235,0
2236,1
2237,1
2238,0
2239,0
2240,1
2241,1
2242,1
2243,1
2244,0
2245,0
2246,1
2247,1
2248,0
2249,1
2250,1
2251,1
2252,0
2253,1
2254,0
2255,0
2256,1
2257,1
2258,0
2259,1
2260,1
2261,0
2262,1
2263,1
2264,0
2265,1
2266,1
2267,1
2268,0
2269,0
2270,0
2271,1
2272,1
2273,1
2274,1
2275,0
2276,0
2277,1
2278,1
2279,1
2280,1
2281,0
2282,0
2283,0
2284,1
2285,0
2286,1
2287,1
2288,0
2289,1
2290,0
2291,1
2292,1
2293,0
2294,1
2295,1
2296,0
2297,0
2298,1
2299,1
2300,1
2301,0
2302,1
2303,0
2304,0
2305,0
2306,1
2307,1
2308,1
2309,1
2310,1
2311,0
2312,0
2313,0
2314,0
2315,0
2316,0
2317,1
2318,0
2319,1
2320,0
2321,1
2322,1
2323,1
2324,1
2325,0
2326,0
2327,1
2328,1
2329,1
2330,1
2331,0
2332,1
2333,0
2334,0
2335,1
2336,1
2337,1
2338,0
2339,0
2340,0
2341,1
2342,0
2343,1
2344,1
2345,0
2346,1
2347,0
2348,1
2349,1
2350,0
2351,1
2352,0
2353,1
2354,0
2355,0
2356,0
2357,0
2358,0
2359,1
2360,0
2361,0
2362,1
2363,1
2364,1
2365,0
2366,0
2367,0
2368,1
2369,1
2370,0
2371,0
2372,1
2373,0
2374,1
2375,1
2376,1
2377,1
2378,0
2379,1
2380,0
2381,1
2382,1
2383,0
2384,0
2385,1
2386,0
2387,1
2388,0
2389,0
2390,1
2391,0
2392,0
2393,0
2394,0
2395,1
2396,1
2397,1
2398,1
2399,0
2400,0
2401,1
2402,1
2403,1
2404,0
2405,0
2406,0
2407,0
2408,1
2409,0
2410,1
2411,0
2412,1
2413,0
2414,0
2415,1
2416,1
2417,0
2418,1
2419,1
2420,0
2421,0
2422,0
2423,1
2424,0
2425,1
2426,1
2427,1
2428,1
2429,1
2430,1
2431,0
2432,0
2433,0
2434,0
2435,1
2436,1
2437,1
2438,1
2439,0
2440,1
2441,1
2442,1
2443,0
2444,0
2445,0
2446,0
2447,0
2448,0
2449,0
2450,0
2451,0
2452,0
2453,0
2454,1
2455,1
2456,1
2457,0
2458,0
2459,1
2460,0
2461,1
2462,1
2463,1
2464,1
2465,0
2466,1
2467,0
2468,1
2469,0
2470,1
2471,0
2472,0
2473,1
2474,1
2475,1
2476,0
2477,0
2478,1
2479,0
2480,1
2481,0
2482,1
2483,0
2484,0
2485,1
2486,0
2487,1
2488,1
2489,1
2490,0
2491,1
2492,1
2493,1
2494,1
2495,1
2496,1
2497,0
2498,0
2499,1
2500,0
2501,1
2502,0
2503,1
2504,1
2505,0
2506,0
2507,0
2508,0
2509,0
2510,0
2511,0
2512,0
2513,1
2514,1
2515,0
2516,0
2517,1
2518,0
2519,1
2520,0
2521,0
2522,0
2523,1
2524,0
2525,0
2526,1
2527,1
2528,1
2529,0
2530,0
2531,1
2532,0
2533,0
2534,1
2535,0
2536,1
2537,1
2538,1
2539,0
2540,1
2541,0
2542,1
2543,0
2544,1
2545,1
2546,1
2547,0
2548,1
2549,0
2550,1
2551,1
2552,0
2553,0
2554,0
2555,1
2556,1
2557,0
2558,1
2559,0
2560,0
2561,1
2562,1
2563,0
2564,0
2565,0
2566,0
2567,0
2568,0
2569,0
2570,1
2571,0
2572,1
2573,1
2574,0
2575,0
2576,1
2577,1
2578,1
2579,1
2580,0
2581,0
2582,1
2583,0
2584,1
2585,0
2586,1
2587,1
2588,1
2589,0
2590,1
2591,1
2592,0
2593,1
2594,1
2595,0
2596,0
2597,1
2598,0
2599,0
2600,0
2601,0
2602,1
2603,1
2604,1
2605,0
2606,0
2607,1
2608,0
2609,1
2610,1
2611,1
2612,1
2613,0
2614,1
2615,1
2616,1
2617,1
2618,0
2619,1
2620,0
2621,1
2622,0
2623,1
2624,0
2625,0
2626,0
2627,0
2628,1
2629,1
2630,1
2631,0
2632,0
2633,0
2634,1
2635,1
2636,1
2637,1
2638,1
2639,1
2640,0
2641,0
2642,1
2643,0
2644,1
2645,0
2646,1
2647,1
2648,1
2649,1
2650,1
2651,1
2652,0
2653,0
2654,1
2655,1
2656,0
2657,1
2658,0
2659,0
2660,1
2661,0
2662,0
2663,1
2664,0
2665,1
2666,0
2667,1
2668,0
2669,0
2670,1
2671,0
2672,0
2673,0
2674,0
2675,0
2676,1
2677,1
2678,0
2679,1
2680,0
2681,0
2682,0
2683,1
2684,0
2685,1
2686,0
2687,1
2688,0
2689,0
2690,0
2691,1
2692,1
2693,0
2694,0
2695,0
2696,1
2697,1
2698,1
2699,0
2700,0
2701,1
2702,1
2703,1
2704,1
2705,1
2706,1
2707,0
2708,0
2709,0
2710,1
2711,0
2712,1
2713,0
2714,0
2715,1
2716,0
2717,1
2718,0
2719,0
2720,1
2721,1
2722,1
2723,0
2724,0
2725,1
2726,1
2727,1
2728,1
2729,0
2730,0
2731,1
2732,0
2733,1
2734,0
2735,0
2736,1
2737,0
2738,0
2739,1
2740,1
2741,0
2742,1
2743,1
2744,0
2745,0
2746,0
2747,0
2748,1
2749,1
2750,0
2751,0
2752,0
2753,1
2754,0
2755,1
2756,1
2757,0
2758,0
2759,0
2760,0
2761,1
2762,1
2763,0
2764,0
2765,0
2766,1
2767,0
2768,0
2769,1
2770,1
2771,1
2772,1
2773,0
2774,1
2775,0
2776,1
2777,1
2778,0
2779,1
2780,1
2781,1
2782,1
2783,0
2784,0
2785,1
2786,0
2787,1
2788,0
2789,1
2790,0
2791,0
2792,0
2793,1
2794,0
2795,1
2796,1
2797,1
2798,1
2799,0
2800,1
2801,0
2802,1
2803,1
2804,0
2805,1
2806,1
2807,0
2808,0
2809,0
2810,0
2811,1
2812,1
2813,1
2814,0
2815,1
2816,1
2817,1
2818,1
2819,1
2820,1
2821,0
2822,1
2823,0
2824,1
2825,1
2826,0
2827,0
2828,1
2829,1
2830,1
2831,1
2832,1
2833,0
2834,0
2835,1
2836,1
2837,0
2838,1
2839,1
2840,0
2841,1
2842,0
2843,0
2844,1
2845,1
2846,0
2847,0
2848,0
2849,0
2850,1
2851,1
2852,0
2853,1
2854,1
2855,0
2856,0
2857,0
2858,0
2859,0
2860,0
2861,0
2862,1
2863,0
2864,1
2865,0
2866,1
2867,1
2868,1
2869,1
2870,1
2871,1
2872,0
2873,1
2874,0
2875,0
2876,0
2877,0
2878,0
2879,1
2880,1
2881,1
2882,1
2883,0
2884,1
2885,1
2886,1
2887,0
2888,1
2889,1
2890,1
2891,0
2892,1
2893,1
2894,1
2895,1
2896,1
2897,1
2898,1
2899,1
2900,0
2901,0
2902,0
2903,1
2904,1
2905,1
2906,0
2907,1
2908,1
2909,1
2910,1
2911,0
2912,1
2913,0
2914,0
2915,0
2916,0
2917,0
2918,1
2919,1
2920,1
2921,1
2922,1
2923,1
2924,0
2925,0
2926,1
2927,0
2928,1
2929,1
2930,0
2931,0
2932,1
2933,0
2934,0
2935,1
2936,1
2937,0
2938,0
2939,0
2940,0
2941,0
2942,0
2943,0
2944,1
2945,0
2946,0
2947,1
2948,1
2949,1
2950,0
2951,0
2952,1
2953,1
2954,0
2955,0
2956,0
2957,0
2958,0
2959,1
2960,1
2961,0
2962,1
2963,0
2964,1
2965,1
2966,1
2967,1
2968,0
2969,1
2970,1
2971,0
2972,1
2973,1
2974,1
2975,0
2976,1
2977,0
2978,0
2979,1
2980,0
2981,1
2982,1
2983,1
2984,0
2985,1
2986,0
2987,0
2988,1
2989,0
2990,1
2991,1
2992,0
2993,0
2994,1
2995,0
2996,1
2997,1
2998,1
2999,0
3000,1
3001,1
3002,0
3003,0
3004,0
3005,0
3006,1
3007,0
3008,1
3009,0
3010,0
3011,0
3012,0
3013,0
3014,0
3015,0
3016,1
3017,0
3018,0
3019,0
3020,1
3021,1
3022,1
3023,0
3024,1
3025,1
3026,0
3027,0
3028,0
3029,0
3030,1
3031,1
3032,1
3033,1
3034,1
3035,1
3036,0
3037,0
3038,1
3039,0
3040,0
3041,0
3042,0
3043,0
3044,1
3045,0
3046,1
3047,1
3048,1
3049,0
3050,0
3051,0
3052,0
3053,1
3054,1
3055,0
3056,1
3057,0
3058,1
3059,1
3060,1
3061,0
3062,1
3063,0
3064,1
3065,0
3066,1
3067,0
3068,0
3069,1
3070,1
3071,0
3072,0
3073,0
3074,0
3075,1
3076,1
3077,1
3078,0
3079,0
3080,1
3081,1
3082,1
3083,1
3084,0
3085,1
3086,1
3087,0
3088,1
3089,0
3090,1
3091,1
3092,1
3093,0
3094,0
3095,1
3096,1
3097,0
3098,1
3099,0
3100,1
3101,0
3102,1
3103,0
3104,1
3105,0
3106,0
3107,1
3108,1
3109,1
3110,1
3111,1
3112,1
3113,0
3114,0
3115,0
3116,0
3117,0
3118,0
3119,1
3120,0
3121,1
3122,1
3123,1
3124,1
3125,0
3126,0
3127,1
3128,0
3129,0
3130,1
3131,1
3132,0
3133,1
3134,1
3135,0
3136,1
3137,1
3138,1
3139,1
3140,1
3141,1
3142,1
3143,0
3144,0
3145,0
3146,0
3147,1
3148,1
3149,0
3150,1
3151,1
3152,1
3153,0
3154,0
3155,1
3156,1
3157,1
3158,1
3159,1
3160,1
3161,0
3162,1
3163,1
3164,0
3165,0
3166,0
3167,1
3168,1
3169,1
3170,1
3171,0
3172,0
3173,1
3174,1
3175,1
3176,0
3177,0
3178,0
3179,1
3180,0
3181,1
3182,1
3183,1
3184,0
3185,0
3186,0
3187,1
3188,0
3189,1
3190,0
3191,0
3192,0
3193,0
3194,0
3195,0
3196,0
3197,1
3198,1
3199,1
3200,1
3201,0
3202,1
3203,1
3204,0
3205,0
3206,1
3207,1
3208,0
3209,1
3210,0
3211,1
3212,1
3213,1
3214,1
3215,0
3216,1
3217,1
3218,1
3219,1
3220,0
3221,1
3222,0
3223,0
3224,1
3225,1
3226,0
3227,0
3228,0
3229,0
3230,0
3231,1
3232,1
3233,0
3234,0
3235,1
3236,1
3237,1
3238,1
3239,1
3240,1
3241,0
3242,0
3243,1
3244,0
3245,0
3246,1
3247,1
3248,0
3249,0
3250,1
3251,1
3252,0
3253,1
3254,0
3255,0
3256,0
3257,1
3258,1
3259,0
3260,0
3261,0
3262,1
3263,0
3264,1
3265,0
3266,1
3267,0
3268,0
3269,0
3270,1
3271,0
3272,0
3273,1
3274,1
3275,0
3276,0
3277,0
3278,1
3279,0
3280,0
3281,1
3282,1
3283,0
3284,1
3285,1
3286,0
3287,0
3288,1
3289,1
3290,1
3291,0
3292,0
3293,1
3294,1
3295,0
3296,1
3297,0
3298,0
3299,1
3300,1
3301,1
3302,1
3303,1
3304,1
3305,1
3306,0
3307,1
3308,1
3309,0
3310,1
3311,1
3312,0
3313,0
3314,1
3315,0
3316,1
3317,1
3318,0
3319,1
3320,0
3321,0
3322,1
3323,1
3324,1
3325,0
3326,1
3327,0
3328,1
3329,1
3330,0
3331,0
3332,1
3333,0
3334,1
3335,1
3336,0
3337,1
3338,1
3339,1
3340,0
3341,1
3342,1
3343,0
3344,0
3345,0
3346,1
3347,1
3348,0
3349,1
3350,1
3351,0
3352,0
3353,1
3354,0
3355,0
3356,1
3357,0
3358,0
3359,1
3360,0
3361,1
3362,0
3363,1
3364,1
3365,0
3366,1
3367,1
3368,1
3369,1
3370,0
3371,0
3372,1
3373,0
3374,0
3375,1
3376,0
3377,1
3378,0
3379,1
3380,1
3381,1
3382,0
3383,1
3384,0
3385,0
3386,1
3387,0
3388,0
3389,0
3390,1
3391,0
3392,1
3393,0
3394,0
3395,1
3396,0
3397,1
3398,0
3399,1
3400,1
3401,1
3402,0
3403,1
3404,1
3405,0
3406,1
3407,1
3408,1
3409,1
3410,1
3411,1
3412,1
3413,1
3414,0
3415,0
3416,1
3417,0
3418,1
3419,0
3420,1
3421,0
3422,0
3423,1
3424,1
3425,1
3426,1
3427,0
3428,1
3429,0
3430,0
3431,1
3432,1
3433,1
3434,1
3435,0
3436,1
3437,0
3438,0
3439,0
3440,1
3441,1
3442,1
3443,1
3444,0
3445,0
3446,1
3447,0
3448,0
3449,0
3450,0
3451,0
3452,1
3453,0
3454,0
3455,0
3456,1
3457,1
3458,1
3459,1
3460,1
3461,1
3462,0
3463,1
3464,0
3465,1
3466,0
3467,1
3468,0
3469,1
3470,0
3471,1
3472,0
3473,0
3474,1
3475,1
3476,0
3477,1
3478,1
3479,1
3480,1
3481,1
3482,0
3483,0
3484,0
3485,1
3486,1
3487,0
3488,0
3489,1
3490,1
3491,1
3492,0
3493,1
3494,1
3495,0
3496,1
3497,1
3498,0
3499,1
3500,1
3501,1
3502,1
3503,1
3504,0
3505,0
3506,0
3507,1
3508,0
3509,1
3510,0
3511,1
3512,1
3513,1
3514,1
3515,0
3516,0
3517,0
3518,1
3519,0
3520,0
3521,1
3522,0
3523,0
3524,1
3525,0
3526,1
3527,0
3528,1
3529,0
3530,1
3531,0
3532,1
3533,0
3534,0
3535,1
3536,1
3537,0
3538,1
3539,0
3540,1
3541,0
3542,1
3543,1
3544,1
3545,0
3546,1
3547,1
3548,0
3549,1
3550,0
3551,1
3552,1
3553,1
3554,0
3555,1
3556,0
3557,0
3558,1
3559,1
3560,1
3561,0
3562,1
3563,0
3564,0
3565,0
3566,0
3567,0
3568,1
3569,1
3570,0
3571,1
3572,1
3573,0
3574,0
3575,1
3576,0
3577,0
3578,0
3579,0
3580,0
3581,0
3582,0
3583,1
3584,1
3585,0
3586,1
3587,1
3588,0
3589,0
3590,0
3591,0
3592,0
3593,1
3594,1
3595,0
3596,1
3597,0
3598,0
3599,0
3600,0
3601,0
3602,1
3603,0
3604,0
3605,0
3606,0
3607,0
3608,0
3609,0
3610,0
3611,1
3612,1
3613,0
3614,0
3615,0
3616,1
3617,0
3618,1
3619,1
3620,1
3621,0
3622,1
3623,0
3624,1
3625,1
3626,0
3627,1
3628,1
3629,0
3630,1
3631,0
3632,0
3633,0
3634,0
3635,1
3636,1
3637,1
3638,1
3639,0
3640,1
3641,0
3642,1
3643,0
3644,0
3645,0
3646,1
3647,0
3648,1
3649,1
3650,1
3651,1
3652,0
3653,1
3654,0
3655,0
3656,1
3657,0
3658,1
3659,1
3660,1
3661,1
3662,0
3663,0
3664,0
3665,0
3666,1
3667,1
3668,1
3669,0
3670,0
3671,0
3672,1
3673,0
3674,0
3675,0
3676,0
3677,1
3678,0
3679,1
3680,1
3681,0
3682,1
3683,1
3684,1
3685,0
3686,0
3687,0
3688,1
3689,1
3690,1
3691,0
3692,1
3693,1
3694,0
3695,0
3696,0
3697,1
3698,0
3699,0
3700,1
3701,1
3702,0
3703,1
3704,1
3705,0
3706,1
3707,1
3708,1
3709,0
3710,0
3711,0
3712,0
3713,1
3714,0
3715,0
3716,0
3717,1
3718,0
3719,0
3720,1
3721,1
3722,1
3723,0
3724,1
3725,1
3726,0
3727,0
3728,0
3729,0
3730,1
3731,0
3732,1
3733,0
3734,1
3735,0
3736,0
3737,1
3738,0
3739,1
3740,0
3741,1
3742,1
3743,0
3744,0
3745,0
3746,0
3747,1
3748,0
3749,0
3750,1
3751,0
3752,1
3753,1
3754,1
3755,1
3756,0
3757,1
3758,0
3759,0
3760,0
3761,1
3762,0
3763,1
3764,1
3765,0
3766,0
3767,1
3768,0
3769,1
3770,0
3771,0
3772,1
3773,0
3774,1
3775,0
3776,0
3777,0
3778,0
3779,0
3780,1
3781,0
3782,1
3783,0
3784,1
3785,1
3786,0
3787,1
3788,0
3789,0
3790,1
3791,1
3792,1
3793,0
3794,1
3795,0
3796,0
3797,0
3798,0
3799,0
3800,1
3801,0
3802,1
3803,0
3804,1
3805,0
3806,1
3807,1
3808,1
3809,0
3810,1
3811,0
3812,0
3813,0
3814,1
3815,1
3816,0
3817,1
3818,1
3819,1
3820,1
3821,0
3822,0
3823,1
3824,0
3825,0
3826,0
3827,1
3828,1
3829,0
3830,0
3831,0
3832,0
3833,1
3834,1
3835,0
3836,1
3837,0
3838,0
3839,1
3840,1
3841,0
3842,0
3843,1
3844,1
3845,0
3846,1
3847,1
3848,1
3849,1
3850,0
3851,1
3852,1
3853,0
3854,0
3855,0
3856,1
3857,1
3858,0
3859,1
3860,0
3861,1
3862,0
3863,0
3864,1
3865,0
3866,1
3867,1
3868,0
3869,0
3870,0
3871,0
3872,1
3873,0
3874,1
3875,0
3876,0
3877,1
3878,0
3879,1
3880,1
3881,1
3882,1
3883,1
3884,0
3885,1
3886,0
3887,0
3888,1
3889,1
3890,1
3891,1
3892,1
3893,1
3894,1
3895,0
3896,1
3897,0
3898,1
3899,0
3900,1
3901,1
3902,1
3903,0
3904,0
3905,0
3906,0
3907,1
3908,0
3909,1
3910,0
3911,1
3912,0
3913,1
3914,0
3915,0
3916,0
3917,0
3918,1
3919,0
3920,1
3921,0
3922,0
3923,1
3924,0
3925,0
3926,0
3927,1
3928,0
3929,0
3930,1
3931,0
3932,0
3933,0
3934,1
3935,0
3936,1
3937,0
3938,1
3939,1
3940,1
3941,1
3942,1
3943,1
3944,1
3945,0
3946,0
3947,0
3948,1
3949,1
3950,0
3951,1
3952,0
3953,0
3954,0
3955,0
3956,1
3957,1
3958,0
3959,1
3960,0
3961,0
3962,1
3963,1
3964,0
3965,0
3966,0
3967,0
3968,0
3969,0
3970,0
3971,0
3972,0
3973,0
3974,0
3975,0
3976,1
3977,1
3978,0
3979,0
3980,1
3981,0
3982,1
3983,1
3984,0
3985,0
3986,0
3987,0
3988,0
3989,1
3990,0
3991,0
3992,1
3993,1
3994,1
3995,1
3996,1
3997,1
3998,1
3999,0
4000,1
4001,1
4002,1
4003,1
4004,1
4005,0
4006,1
4007,0
4008,0
4009,1
4010,0
4011,1
4012,0
4013,0
4014,0
4015,0
4016,0
4017,1
4018,1
4019,0
4020,0
4021,0
4022,1
4023,1
4024,0
4025,1
4026,0
4027,0
4028,0
4029,0
4030,0
4031,1
4032,1
4033,1
4034,0
4035,1
4036,1
4037,1
4038,1
4039,1
4040,1
4041,0
4042,0
4043,0
4044,0
4045,0
4046,0
4047,1
4048,1
4049,0
4050,1
4051,1
4052,0
4053,0
4054,1
4055,1
4056,1
4057,0
4058,1
4059,1
4060,0
4061,1
4062,1
4063,0
4064,1
4065,1
4066,0
4067,1
4068,1
4069,0
4070,0
4071,1
4072,1
4073,1
4074,0
4075,1
4076,0
4077,0
4078,1
4079,1
4080,0
4081,0
4082,1
4083,1
4084,1
4085,1
4086,0
4087,1
4088,1
4089,0
4090,0
4091,1
4092,1
4093,0
4094,0
4095,1
4096,1
4097,0
4098,0
4099,0
4100,0
4101,1
4102,1
4103,1
4104,0
4105,1
4106,0
4107,1
4108,1
4109,1
4110,1
4111,1
4112,0
4113,1
4114,1
4115,1
4116,0
4117,1
4118,0
4119,1
4120,1
4121,0
4122,1
4123,0
4124,0
4125,0
4126,1
4127,1
4128,1
4129,0
4130,0
4131,0
4132,0
4133,1
4134,0
4135,1
4136,0
4137,1
4138,1
4139,1
4140,1
4141,0
4142,0
4143,0
4144,1
4145,0
4146,0
4147,0
4148,1
4149,0
4150,1
4151,1
4152,1
4153,1
4154,0
4155,0
4156,1
4157,1
4158,0
4159,0
4160,0
4161,1
4162,0
4163,0
4164,1
4165,1
4166,0
4167,0
4168,1
4169,1
4170,0
4171,1
4172,1
4173,0
4174,0
4175,0
4176,0
4177,0
4178,1
4179,0
4180,1
4181,1
4182,1
4183,1
4184,1
4185,0
4186,1
4187,1
4188,0
4189,1
4190,0
4191,0
4192,1
4193,0
4194,1
4195,0
4196,1
4197,1
4198,0
4199,0
4200,0
4201,0
4202,0
4203,0
4204,0
4205,1
4206,1
4207,1
4208,1
4209,0
4210,0
4211,1
4212,0
4213,1
4214,0
4215,0
4216,1
4217,1
4218,0
4219,1
4220,1
4221,1
4222,1
4223,1
4224,1
4225,1
4226,1
4227,0
4228,1
4229,1
4230,0
4231,1
4232,0
4233,1
4234,1
4235,0
4236,0
4237,1
4238,1
4239,0
4240,0
4241,0
4242,1
4243,0
4244,0
4245,0
4246,0
4247,1
4248,1
4249,0
4250,1
4251,0
4252,1
4253,0
4254,0
4255,0
4256,0
4257,0
4258,1
4259,1
4260,1
4261,0
4262,0
4263,1
4264,0
4265,1
4266,1
4267,0
4268,1
4269,1
4270,1
4271,0
4272,1
4273,1
4274,0
4275,0
4276,1
4277,0
4278,1
4279,0
4280,1
4281,0
4282,1
4283,0
4284,1
4285,1
4286,0
4287,0
4288,0
4289,0
4290,0
4291,1
4292,1
4293,0
4294,1
4295,1
4296,0
4297,1
4298,0
4299,1
4300,0
4301,0
4302,0
4303,0
4304,0
4305,1
4306,0
4307,0
4308,0
4309,0
4310,1
4311,0
4312,1
4313,0
4314,1
4315,1
4316,1
4317,0
4318,0
4319,0
4320,1
4321,0
4322,1
4323,1
4324,1
4325,1
4326,0
4327,1
4328,1
4329,1
4330,1
4331,1
4332,0
4333,1
4334,0
4335,0
4336,0
4337,1
4338,1
4339,0
4340,1
4341,1
4342,1
4343,1
4344,1
4345,0
4346,0
4347,0
4348,1
4349,1
4350,0
4351,0
4352,1
4353,1
4354,0
4355,1
4356,1
4357,1
4358,1
4359,0
4360,1
4361,0
4362,0
4363,0
4364,1
4365,0
4366,0
4367,1
4368,0
4369,1
4370,0
4371,1
4372,0
4373,0
4374,1
4375,0
4376,0
4377,1
4378,1
4379,1
4380,0
4381,1
4382,1
4383,0
4384,1
4385,0
4386,0
4387,1
4388,1
4389,1
4390,1
4391,1
4392,1
4393,1
4394,1
4395,1
4396,1
4397,0
4398,1
4399,1
4400,1
4401,0
4402,1
4403,1
4404,0
4405,1
4406,0
4407,0
4408,0
4409,1
4410,1
4411,0
4412,0
4413,0
4414,1
4415,0
4416,1
4417,0
4418,1
4419,1
4420,0
4421,0
4422,0
4423,0
4424,0
4425,0
4426,1
4427,1
4428,0
4429,1
4430,0
4431,0
4432,0
4433,1
4434,1
4435,0
4436,0
4437,1
4438,0
4439,1
4440,1
4441,0
4442,1
4443,1
4444,1
4445,0
4446,0
4447,0
4448,1
4449,1
4450,1
4451,1
4452,0
4453,1
4454,0
4455,1
4456,1
4457,1
4458,0
4459,0
4460,0
4461,1
4462,0
4463,1
4464,0
4465,1
4466,1
4467,0
4468,0
4469,1
4470,0
4471,1
4472,1
4473,1
4474,0
4475,1
4476,1
4477,1
4478,1
4479,1
4480,0
4481,0
4482,1
4483,0
4484,0
4485,0
4486,0
4487,0
4488,1
4489,1
4490,0
4491,1
4492,0
4493,1
4494,1
4495,1
4496,0
4497,1
4498,1
4499,1
4500,1
4501,0
4502,0
4503,1
4504,0
4505,1
4506,0
4507,1
4508,1
4509,0
4510,1
4511,1
4512,1
4513,1
4514,1
4515,1
4516,0
4517,0
4518,0
4519,0
4520,0
4521,1
4522,0
4523,0
4524,1
4525,1
4526,1
4527,1
4528,1
4529,1
4530,0
4531,0
4532,0
4533,1
4534,1
4535,1
4536,0
4537,1
4538,0
4539,1
4540,0
4541,0
4542,0
4543,1
4544,1
4545,1
4546,0
4547,0
4548,1
4549,0
4550,0
4551,0
4552,1
4553,0
4554,0
4555,1
4556,1
4557,1
4558,1
4559,1
4560,0
4561,1
4562,1
4563,1
4564,0
4565,0
4566,1
4567,0
4568,1
4569,1
4570,1
4571,0
4572,1
4573,0
4574,1
4575,0
4576,0
4577,1
4578,0
4579,1
4580,1
4581,0
4582,0
4583,1
4584,0
4585,1
4586,0
4587,0
4588,0
4589,0
4590,1
4591,1
4592,0
4593,0
4594,0
4595,0
4596,0
4597,0
4598,0
4599,1
4600,1
4601,1
4602,0
4603,0
4604,0
4605,0
4606,1
4607,1
4608,1
4609,0
4610,0
4611,1
4612,0
4613,1
4614,0
4615,1
4616,1
4617,0
4618,0
4619,0
4620,1
4621,1
4622,0
4623,1
4624,0
4625,0
4626,1
4627,0
4628,1
4629,1
4630,1
4631,1
4632,0
4633,1
4634,1
4635,0
4636,1
4637,1
4638,1
4639,0
4640,0
4641,0
4642,0
4643,0
4644,1
4645,1
4646,0
4647,1
4648,0
4649,1
4650,1
4651,1
4652,0
4653,1
4654,0
4655,1
4656,0
4657,1
4658,1
4659,0
4660,0
4661,1
4662,0
4663,0
4664,1
4665,0
4666,0
4667,0
4668,0
4669,0
4670,1
4671,0
4672,0
4673,1
4674,0
4675,1
4676,1
4677,0
4678,0
4679,1
4680,1
4681,0
4682,0
4683,0
4684,0
4685,1
4686,0
4687,1
4688,1
4689,0
4690,1
4691,1
4692,0
4693,1
4694,1
4695,0
4696,1
4697,1
4698,0
4699,0
4700,1
4701,1
4702,0
4703,1
4704,1
4705,1
4706,0
4707,0
4708,0
4709,1
4710,1
4711,0
4712,1
4713,0
4714,1
4715,0
4716,0
4717,1
4718,1
4719,0
4720,0
4721,0
4722,1
4723,0
4724,0
4725,0
4726,1
4727,0
4728,1
4729,0
4730,0
4731,0
4732,1
4733,0
4734,0
4735,0
4736,0
4737,0
4738,1
4739,0
4740,1
4741,0
4742,0
4743,0
4744,1
4745,0
4746,0
4747,1
4748,1
4749,1
4750,1
4751,0
4752,0
4753,0
4754,0
4755,0
4756,1
4757,0
4758,1
4759,0
4760,1
4761,0
4762,0
4763,1
4764,1
4765,0
4766,1
4767,0
4768,0
4769,1
4770,1
4771,1
4772,1
4773,1
4774,1
4775,1
4776,1
4777,1
4778,1
4779,1
4780,1
4781,1
4782,1
4783,0
4784,0
4785,0
4786,1
4787,1
4788,0
4789,0
4790,1
4791,0
4792,0
4793,0
4794,0
4795,1
4796,0
4797,0
4798,0
4799,0
4800,0
4801,0
4802,0
4803,1
4804,1
4805,1
4806,1
4807,0
4808,0
4809,0
4810,0
4811,0
4812,1
4813,1
4814,1
4815,1
4816,0
4817,0
4818,0
4819,0
4820,1
4821,1
4822,1
4823,0
4824,0
4825,0
4826,1
4827,1
4828,0
4829,1
4830,1
4831,0
4832,1
4833,1
4834,1
4835,0
4836,0
4837,0
4838,1
4839,0
4840,1
4841,0
4842,1
4843,0
4844,0
4845,0
4846,0
4847,1
4848,1
4849,0
4850,1
4851,1
4852,1
4853,0
4854,1
4855,0
4856,1
4857,1
4858,0
4859,1
4860,0
4861,0
4862,0
4863,0
4864,1
4865,0
4866,0
4867,0
4868,1
4869,0
4870,1
4871,1
4872,0
4873,0
4874,0
4875,0
4876,1
4877,0
4878,1
4879,1
4880,1
4881,1
4882,0
4883,0
4884,1
4885,1
4886,1
4887,0
4888,0
4889,1
4890,1
4891,1
4892,0
4893,0
4894,1
4895,1
4896,0
4897,1
4898,0
4899,1
4900,1
4901,0
4902,1
4903,1
4904,0
4905,0
4906,0
4907,0
4908,0
4909,0
4910,1
4911,0
4912,1
4913,0
4914,1
4915,1
4916,1
4917,1
4918,1
4919,1
4920,1
4921,0
4922,0
4923,1
4924,1
4925,1
4926,1
4927,0
4928,0
4929,0
4930,0
4931,1
4932,1
4933,1
4934,0
4935,0
4936,1
4937,0
4938,0
4939,0
4940,0
4941,0
4942,1
4943,0
4944,0
4945,1
4946,1
4947,1
4948,0
4949,0
4950,1
4951,1
4952,1
4953,0
4954,0
4955,0
4956,1
4957,0
4958,1
4959,0
4960,0
4961,1
4962,0
4963,0
4964,1
4965,0
4966,1
4967,0
4968,1
4969,1
4970,0
4971,0
4972,1
4973,1
4974,0
4975,0
4976,1
4977,1
4978,0
4979,0
4980,0
4981,1
4982,0
4983,0
4984,0
4985,1
4986,1
4987,0
4988,0
4989,1
4990,1
4991,1
4992,0
4993,1
4994,0
4995,1
4996,1
4997,1
4998,0
4999,1
5000,1
5001,1
5002,1
5003,1
5004,0
5005,0
5006,0
5007,1
5008,1
5009,1
5010,1
5011,0
5012,1
5013,1
5014,1
5015,0
5016,1
5017,0
5018,1
5019,1
5020,1
5021,1
5022,0
5023,1
5024,0
5025,1
5026,1
5027,0
5028,1
5029,1
5030,1
5031,0
5032,0
5033,0
5034,1
5035,0
5036,1
5037,0
5038,1
5039,0
5040,1
5041,1
5042,0
5043,1
5044,1
5045,0
5046,0
5047,1
5048,0
5049,0
5050,0
5051,0
5052,0
5053,1
5054,1
5055,1
5056,0
5057,0
5058,1
5059,0
5060,1
5061,0
5062,1
5063,0
5064,0
5065,1
5066,1
5067,0
5068,0
5069,0
5070,0
5071,1
5072,1
5073,1
5074,1
5075,1
5076,0
5077,1
5078,0
5079,0
5080,1
5081,0
5082,0
5083,1
5084,1
5085,1
5086,1
5087,0
5088,0
5089,0
5090,0
5091,1
5092,0
5093,1
5094,1
5095,0
5096,0
5097,1
5098,0
5099,1
5100,0
5101,1
5102,1
5103,1
5104,1
5105,1
5106,1
5107,1
5108,0
5109,0
5110,1
5111,0
5112,1
5113,0
5114,1
5115,0
5116,1
5117,0
5118,0
5119,1
5120,0
5121,1
5122,1
5123,1
5124,1
5125,1
5126,0
5127,1
5128,0
5129,0
5130,0
5131,1
5132,1
5133,1
5134,0
5135,0
5136,1
5137,1
5138,0
5139,1
5140,1
5141,1
5142,1
5143,1
5144,1
5145,1
5146,0
5147,1
5148,1
5149,0
5150,0
5151,1
5152,0
5153,1
5154,0
5155,1
5156,1
5157,1
5158,1
5159,1
5160,1
5161,0
5162,0
5163,1
5164,0
5165,1
5166,1
5167,1
5168,1
5169,0
5170,1
5171,1
5172,1
5173,1
5174,0
5175,1
5176,0
5177,1
5178,1
5179,0
5180,1
5181,1
5182,0
5183,1
5184,1
5185,1
5186,1
5187,1
5188,0
5189,0
5190,0
5191,0
5192,1
5193,1
5194,0
5195,1
5196,0
5197,1
5198,1
5199,0
5200,0
5201,1
5202,0
5203,1
5204,1
5205,1
5206,0
5207,1
5208,1
5209,0
5210,1
5211,1
5212,0
5213,0
5214,1
5215,0
5216,1
5217,0
5218,0
5219,0
5220,1
5221,0
5222,0
5223,0
5224,1
5225,0
5226,0
5227,0
5228,0
5229,0
5230,1
5231,0
5232,0
5233,0
5234,1
5235,1
5236,1
5237,0
5238,0
5239,1
5240,0
5241,0
5242,1
5243,0
5244,0
5245,1
5246,1
5247,1
5248,1
5249,0
5250,1
5251,0
5252,1
5253,0
5254,1
5255,0
5256,1
5257,1
5258,0
5259,0
5260,0
5261,0
5262,0
5263,1
5264,1
5265,1
5266,0
5267,0
5268,0
5269,0
5270,0
5271,1
5272,0
5273,1
5274,1
5275,0
5276,1
5277,0
5278,1
5279,0
5280,1
5281,1
5282,0
5283,1
5284,0
5285,0
5286,1
5287,1
5288,0
5289,1
5290,1
5291,0
5292,0
5293,1
5294,0
5295,1
5296,1
5297,1
5298,1
5299,0
5300,0
5301,0
5302,1
5303,1
5304,0
5305,0
5306,0
5307,0
5308,0
5309,1
5310,0
5311,1
5312,0
5313,0
5314,1
5315,1
5316,1
5317,1
5318,0
5319,1
5320,0
5321,0
5322,0
5323,0
5324,0
5325,0
5326,0
5327,1
5328,0
5329,0
5330,1
5331,0
5332,1
5333,1
5334,1
5335,0
5336,1
5337,0
5338,1
5339,0
5340,1
5341,0
5342,1
5343,1
5344,1
5345,0
5346,0
5347,1
5348,1
5349,1
5350,1
5351,1
5352,0
5353,0
5354,0
5355,1
5356,0
5357,1
5358,1
5359,1
5360,0
5361,1
5362,1
5363,1
5364,1
5365,0
5366,1
5367,0
5368,0
5369,0
5370,0
5371,0
5372,1
5373,0
5374,1
5375,1
5376,1
5377,0
5378,0
5379,1
5380,0
5381,0
5382,1
5383,1
5384,1
5385,0
5386,1
5387,0
5388,0
5389,1
5390,0
5391,0
5392,1
5393,1
5394,1
5395,1
5396,0
5397,0
5398,1
5399,1
5400,1
5401,0
5402,1
5403,0
5404,1
5405,0
5406,0
5407,0
5408,1
5409,1
5410,1
5411,1
5412,0
5413,1
5414,1
5415,1
5416,0
5417,1
5418,1
5419,1
5420,0
5421,0
5422,0
5423,1
5424,1
5425,1
5426,1
5427,0
5428,0
5429,0
5430,0
5431,0
5432,0
5433,0
5434,1
5435,0
5436,0
5437,1
5438,0
5439,1
5440,0
5441,0
5442,0
5443,0
5444,1
5445,0
5446,0
5447,0
5448,0
5449,0
5450,0
5451,0
5452,0
5453,0
5454,1
5455,1
5456,1
5457,0
5458,0
5459,1
5460,0
5461,1
5462,1
5463,1
5464,1
5465,0
5466,0
5467,0
5468,0
5469,1
5470,0
5471,0
5472,1
5473,1
5474,1
5475,0
5476,1
5477,0
5478,1
5479,1
5480,0
5481,0
5482,1
5483,0
5484,1
5485,1
5486,0
5487,1
5488,1
5489,1
5490,0
5491,0
5492,0
5493,0
5494,0
5495,0
5496,1
5497,1
5498,0
5499,1
5500,0
5501,1
5502,0
5503,0
5504,0
5505,0
5506,0
5507,1
5508,0
5509,1
5510,0
5511,0
5512,0
5513,0
5514,1
5515,0
5516,1
5517,0
5518,0
5519,1
5520,1
5521,0
5522,1
5523,0
5524,0
5525,1
5526,1
5527,1
5528,1
5529,1
5530,0
5531,0
5532,0
5533,0
5534,1
5535,0
5536,0
5537,1
5538,1
5539,0
5540,0
5541,0
5542,1
5543,0
5544,1
5545,1
5546,0
5547,0
5548,1
5549,0
5550,1
5551,1
5552,1
5553,1
5554,1
5555,1
5556,0
5557,0
5558,0
5559,0
5560,1
5561,1
5562,1
5563,1
5564,1
5565,1
5566,0
5567,1
5568,0
5569,1
5570,1
5571,0
5572,1
5573,0
5574,0
5575,0
5576,1
5577,0
5578,0
5579,1
5580,0
5581,0
5582,0
5583,1
5584,1
5585,1
5586,1
5587,1
5588,1
5589,1
5590,0
5591,1
5592,1
5593,0
5594,0
5595,1
5596,0
5597,1
5598,1
5599,0
5600,0
5601,1
5602,1
5603,0
5604,1
5605,0
5606,0
5607,0
5608,1
5609,0
5610,1
5611,0
5612,1
5613,1
5614,0
5615,1
5616,0
5617,1
5618,0
5619,0
5620,0
5621,0
5622,0
5623,0
5624,1
5625,0
5626,0
5627,0
5628,1
5629,1
5630,1
5631,1
5632,0
5633,0
5634,1
5635,0
5636,1
5637,0
5638,1
5639,0
5640,1
5641,1
5642,0
5643,0
5644,1
5645,0
5646,1
5647,1
5648,1
5649,1
5650,1
5651,1
5652,0
5653,1
5654,1
5655,0
5656,0
5657,1
5658,1
5659,1
5660,1
5661,1
5662,0
5663,0
5664,0
5665,1
5666,1
5667,1
5668,1
5669,0
5670,0
5671,1
5672,1
5673,1
5674,0
5675,1
5676,0
5677,1
5678,0
5679,0
5680,1
5681,0
5682,1
5683,1
5684,1
5685,1
5686,1
5687,0
5688,1
5689,0
5690,1
5691,1
5692,0
5693,1
5694,1
5695,0
5696,1
5697,0
5698,1
5699,0
5700,0
5701,0
5702,1
5703,1
5704,1
5705,0
5706,1
5707,0
5708,1
5709,0
5710,0
5711,0
5712,0
5713,1
5714,1
5715,0
5716,0
5717,0
5718,0
5719,0
5720,0
5721,1
5722,0
5723,1
5724,1
5725,1
5726,0
5727,0
5728,0
5729,0
5730,1
5731,1
5732,0
5733,1
5734,0
5735,0
5736,1
5737,0
5738,0
5739,1
5740,0
5741,1
5742,1
5743,1
5744,0
5745,0
5746,1
5747,1
5748,1
5749,1
5750,1
5751,1
5752,1
5753,0
5754,0
5755,1
5756,0
5757,1
5758,0
5759,0
5760,0
5761,1
5762,0
5763,1
5764,0
5765,0
5766,1
5767,0
5768,1
5769,0
5770,1
5771,1
5772,0
5773,1
5774,0
5775,1
5776,1
5777,1
5778,1
5779,1
5780,1
5781,1
5782,0
5783,0
5784,1
5785,1
5786,0
5787,0
5788,0
5789,0
5790,1
5791,0
5792,1
5793,0
5794,1
5795,0
5796,1
5797,1
5798,0
5799,1
5800,1
5801,1
5802,1
5803,0
5804,1
5805,1
5806,1
5807,1
5808,1
5809,0
5810,1
5811,0
5812,0
5813,1
5814,1
5815,1
5816,1
5817,0
5818,1
5819,0
5820,0
5821,0
5822,1
5823,1
5824,1
5825,0
5826,0
5827,0
5828,0
5829,1
5830,0
5831,0
5832,1
5833,0
5834,0
5835,1
5836,1
5837,0
5838,1
5839,1
5840,1
5841,1
5842,1
5843,0
5844,0
5845,0
5846,0
5847,0
5848,1
5849,1
5850,0
5851,0
5852,1
5853,0
5854,0
5855,0
5856,0
5857,1
5858,1
5859,0
5860,0
5861,0
5862,0
5863,1
5864,1
5865,0
5866,1
5867,0
5868,1
5869,1
5870,1
5871,1
5872,1
5873,0
5874,1
5875,0
5876,1
5877,0
5878,1
5879,0
5880,1
5881,0
5882,0
5883,1
5884,0
5885,1
5886,1
5887,0
5888,1
5889,1
5890,0
5891,0
5892,0
5893,0
5894,1
5895,1
5896,0
5897,1
5898,1
5899,1
5900,1
5901,1
5902,0
5903,0
5904,0
5905,1
5906,0
5907,1
5908,1
5909,0
5910,1
5911,0
5912,1
5913,0
5914,1
5915,1
5916,1
5917,0
5918,0
5919,0
5920,0
5921,1
5922,1
5923,0
5924,0
5925,0
5926,1
5927,1
5928,0
5929,0
5930,0
5931,0
5932,0
5933,1
5934,1
5935,1
5936,0
5937,0
5938,0
5939,1
5940,1
5941,0
5942,0
5943,0
5944,0
5945,1
5946,0
5947,1
5948,1
5949,1
5950,1
5951,1
5952,1
5953,1
5954,0
5955,1
5956,0
5957,1
5958,1
5959,1
5960,0
5961,1
5962,1
5963,0
5964,0
5965,0
5966,0
5967,0
5968,0
5969,0
5970,1
5971,1
5972,1
5973,0
5974,1
5975,0
5976,1
5977,0
5978,0
5979,1
5980,0
5981,1
5982,0
5983,0
5984,0
5985,1
5986,1
5987,0
5988,1
5989,0
5990,0
5991,0
5992,0
5993,1
5994,0
5995,0
5996,0
5997,1
5998,1
5999,0
6000,0
6001,1
6002,1
6003,0
6004,1
6005,1
6006,1
6007,1
6008,1
6009,1
6010,0
6011,1
6012,0
6013,0
6014,0
6015,1
6016,1
6017,0
6018,0
6019,1
6020,0
6021,1
6022,1
6023,1
6024,1
6025,1
6026,1
6027,0
6028,1
6029,0
6030,0
6031,0
6032,1
6033,0
6034,1
6035,1
6036,0
6037,1
6038,1
6039,0
6040,0
6041,1
6042,0
6043,1
6044,1
6045,1
6046,0
6047,0
6048,1
6049,1
6050,1
6051,0
6052,1
6053,1
6054,1
6055,0
6056,1
6057,1
6058,1
6059,1
6060,1
6061,1
6062,1
6063,0
6064,1
6065,0
6066,0
6067,0
6068,1
6069,1
6070,1
6071,1
6072,0
6073,1
6074,0
6075,1
6076,0
6077,0
6078,0
6079,0
6080,0
6081,0
6082,0
6083,1
6084,0
6085,1
6086,1
6087,1
6088,1
6089,1
6090,0
6091,0
6092,1
6093,1
6094,0
6095,0
6096,1
6097,1
6098,0
6099,0
6100,1
6101,0
6102,0
6103,0
6104,0
6105,0
6106,0
6107,0
6108,1
6109,0
6110,0
6111,0
6112,0
6113,1
6114,1
6115,0
6116,0
6117,1
6118,1
6119,1
6120,1
6121,0
6122,0
6123,0
6124,0
6125,1
6126,1
6127,1
6128,0
6129,0
6130,0
6131,1
6132,1
6133,1
6134,1
6135,0
6136,1
6137,1
6138,0
6139,1
6140,1
6141,1
6142,1
6143,0
6144,1
6145,0
6146,0
6147,0
6148,0
6149,1
6150,0
6151,0
6152,0
6153,1
6154,0
6155,1
6156,1
6157,0
6158,1
6159,1
6160,1
6161,0
6162,0
6163,0
6164,0
6165,1
6166,0
6167,0
6168,1
6169,0
6170,1
6171,1
6172,0
6173,1
6174,1
6175,0
6176,1
6177,0
6178,1
6179,0
6180,1
6181,0
6182,0
6183,1
6184,1
6185,0
6186,0
6187,1
6188,1
6189,1
6190,1
6191,0
6192,1
6193,1
6194,1
6195,0
6196,1
6197,0
6198,1
6199,0
6200,1
6201,1
6202,1
6203,1
6204,1
6205,1
6206,1
6207,0
6208,0
6209,1
6210,1
6211,1
6212,0
6213,1
6214,0
6215,1
6216,0
6217,1
6218,0
6219,0
6220,1
6221,1
6222,0
6223,0
6224,1
6225,1
6226,1
6227,0
6228,0
6229,1
6230,0
6231,0
6232,1
6233,0
6234,0
6235,0
6236,1
6237,1
6238,1
6239,1
6240,1
6241,0
6242,1
6243,1
6244,0
6245,1
6246,0
6247,1
6248,1
6249,1
6250,1
6251,1
6252,0
6253,1
6254,0
6255,1
6256,1
6257,1
6258,1
6259,0
6260,0
6261,1
6262,0
6263,1
6264,1
6265,1
6266,0
6267,0
6268,1
6269,1
6270,0
6271,0
6272,0
6273,0
6274,0
6275,1
6276,0
6277,0
6278,0
6279,1
6280,0
6281,0
6282,0
6283,1
6284,1
6285,0
6286,1
6287,0
6288,1
6289,0
6290,1
6291,0
6292,0
6293,0
6294,0
6295,1
6296,0
6297,0
6298,0
6299,0
6300,0
6301,1
6302,0
6303,1
6304,0
6305,1
6306,1
6307,0
6308,1
6309,1
6310,0
6311,0
6312,1
6313,1
6314,0
6315,0
6316,0
6317,1
6318,0
6319,0
6320,0
6321,0
6322,0
6323,1
6324,0
6325,0
6326,0
6327,0
6328,1
6329,0
6330,1
6331,1
6332,0
6333,0
6334,1
6335,1
6336,1
6337,1
6338,0
6339,1
6340,0
6341,1
6342,1
6343,1
6344,0
6345,0
6346,1
6347,1
6348,0
6349,0
6350,1
6351,1
6352,1
6353,0
6354,0
6355,0
6356,0
6357,0
6358,1
6359,0
6360,0
6361,0
6362,0
6363,1
6364,0
6365,0
6366,0
6367,1
6368,1
6369,0
6370,1
6371,1
6372,0
6373,1
6374,0
6375,0
6376,0
6377,1
6378,0
6379,0
6380,1
6381,0
6382,1
6383,0
6384,0
6385,0
6386,1
6387,0
6388,0
6389,1
6390,1
6391,1
6392,1
6393,0
6394,1
6395,0
6396,1
6397,0
6398,0
6399,1
6400,0
6401,1
6402,0
6403,1
6404,1
6405,0
6406,1
6407,0
6408,1
6409,0
6410,1
6411,1
6412,1
6413,0
6414,0
6415,1
6416,0
6417,0
6418,1
6419,1
6420,1
6421,1
6422,0
6423,0
6424,0
6425,1
6426,0
6427,0
6428,1
6429,0
6430,0
6431,0
6432,1
6433,0
6434,0
6435,1
6436,0
6437,0
6438,0
6439,1
6440,1
6441,0
6442,1
6443,1
6444,0
6445,0
6446,0
6447,0
6448,1
6449,0
6450,1
6451,1
6452,1
6453,0
6454,1
6455,0
6456,1
6457,1
6458,1
6459,0
6460,0
6461,1
6462,0
6463,1
6464,0
6465,0
6466,1
6467,1
6468,0
6469,1
6470,1
6471,0
6472,0
6473,0
6474,1
6475,0
6476,1
6477,0
6478,0
6479,0
6480,0
6481,1
6482,1
6483,1
6484,0
6485,0
6486,1
6487,0
6488,0
6489,0
6490,0
6491,1
6492,1
6493,1
6494,0
6495,1
6496,1
6497,0
6498,1
6499,1
6500,0
6501,0
6502,0
6503,1
6504,0
6505,0
6506,0
6507,1
6508,0
6509,1
6510,0
6511,0
6512,1
6513,1
6514,0
6515,1
6516,1
6517,1
6518,0
6519,0
6520,0
6521,1
6522,0
6523,1
6524,1
6525,1
6526,0
6527,0
6528,1
6529,0
6530,0
6531,1
6532,0
6533,1
6534,0
6535,0
6536,0
6537,1
6538,0
6539,1
6540,1
6541,0
6542,1
6543,0
6544,0
6545,0
6546,1
6547,0
6548,0
6549,1
6550,0
6551,0
6552,0
6553,1
6554,1
6555,0
6556,0
6557,0
6558,0
6559,0
6560,1
6561,1
6562,1
6563,1
6564,1
6565,0
6566,0
6567,0
6568,0
6569,0
6570,1
6571,0
6572,1
6573,1
6574,1
6575,1
6576,0
6577,1
6578,0
6579,1
6580,1
6581,0
6582,1
6583,1
6584,0
6585,0
6586,0
6587,0
6588,1
6589,1
6590,0
6591,1
6592,1
6593,1
6594,0
6595,0
6596,1
6597,0
6598,0
6599,1
6600,1
6601,1
6602,1
6603,0
6604,1
6605,0
6606,0
6607,0
6608,1
6609,1
6610,0
6611,1
6612,1
6613,1
6614,1
6615,1
6616,1
6617,0
6618,1
6619,0
6620,0
6621,1
6622,0
6623,1
6624,0
6625,1
6626,0
6627,0
6628,0
6629,1
6630,0
6631,1
6632,0
6633,0
6634,1
6635,0
6636,0
6637,1
6638,1
6639,1
6640,1
6641,0
6642,0
6643,0
6644,0
6645,1
6646,0
6647,0
6648,0
6649,0
6650,0
6651,1
6652,1
6653,1
6654,0
6655,1
6656,0
6657,0
6658,1
6659,1
6660,0
6661,1
6662,1
6663,1
6664,0
6665,1
6666,1
6667,0
6668,0
6669,1
6670,1
6671,0
6672,0
6673,0
6674,1
6675,0
6676,1
6677,1
6678,1
6679,0
6680,1
6681,0
6682,1
6683,1
6684,0
6685,0
6686,0
6687,1
6688,0
6689,0
6690,0
6691,1
6692,0
6693,0
6694,1
6695,0
6696,0
6697,1
6698,1
6699,0
6700,1
6701,1
6702,1
6703,1
6704,1
6705,1
6706,1
6707,0
6708,1
6709,1
6710,1
6711,1
6712,0
6713,0
6714,0
6715,1
6716,0
6717,1
6718,1
6719,1
6720,1
6721,1
6722,1
6723,0
6724,1
6725,0
6726,1
6727,0
6728,0
6729,1
6730,0
6731,0
6732,0
6733,0
6734,1
6735,0
6736,1
6737,0
6738,0
6739,1
6740,1
6741,1
6742,0
6743,0
6744,1
6745,0
6746,1
6747,1
6748,0
6749,1
6750,0
6751,1
6752,0
6753,1
6754,1
6755,0
6756,1
6757,0
6758,0
6759,0
6760,0
6761,0
6762,0
6763,1
6764,1
6765,1
6766,1
6767,0
6768,0
6769,1
6770,1
6771,1
6772,1
6773,0
6774,0
6775,0
6776,1
6777,1
6778,1
6779,1
6780,1
6781,1
6782,0
6783,0
6784,0
6785,0
6786,1
6787,0
6788,0
6789,1
6790,0
6791,1
6792,0
6793,0
6794,1
6795,1
6796,0
6797,0
6798,1
6799,1
6800,0
6801,0
6802,0
6803,0
6804,0
6805,1
6806,1
6807,0
6808,1
6809,0
6810,0
6811,0
6812,0
6813,0
6814,1
6815,0
6816,1
6817,1
6818,0
6819,1
6820,0
6821,0
6822,0
6823,1
6824,0
6825,0
6826,0
6827,0
6828,0
6829,0
6830,1
6831,0
6832,1
6833,0
6834,0
6835,0
6836,0
6837,0
6838,1
6839,1
6840,1
6841,1
6842,0
6843,0
6844,1
6845,1
6846,1
6847,1
6848,1
6849,1
6850,0
6851,1
6852,0
6853,0
6854,1
6855,0
6856,1
6857,0
6858,1
6859,1
6860,0
6861,1
6862,0
6863,0
6864,0
6865,1
6866,1
6867,0
6868,0
6869,0
6870,0
6871,0
6872,1
6873,0
6874,1
6875,1
6876,0
6877,1
6878,1
6879,1
6880,0
6881,1
6882,0
6883,0
6884,1
6885,0
6886,1
6887,1
6888,1
6889,0
6890,1
6891,0
6892,1
6893,0
6894,0
6895,0
6896,1
6897,0
6898,1
6899,0
6900,0
6901,1
6902,0
6903,1
6904,1
6905,1
6906,0
6907,1
6908,1
6909,1
6910,1
6911,0
6912,0
6913,1
6914,1
6915,0
6916,0
6917,0
6918,1
6919,1
6920,0
6921,0
6922,1
6923,1
6924,1
6925,0
6926,0
6927,1
6928,1
6929,1
6930,0
6931,1
6932,0
6933,1
6934,0
6935,0
6936,1
6937,0
6938,0
6939,0
6940,1
6941,0
6942,1
6943,0
6944,1
6945,1
6946,0
6947,1
6948,1
6949,0
6950,0
6951,0
6952,0
6953,0
6954,0
6955,1
6956,1
6957,1
6958,0
6959,1
6960,1
6961,1
6962,1
6963,0
6964,0
6965,1
6966,0
6967,1
6968,0
6969,0
6970,1
6971,0
6972,1
6973,0
6974,0
6975,1
6976,0
6977,1
6978,1
6979,0
6980,0
6981,1
6982,0
6983,0
6984,0
6985,0
6986,1
6987,0
6988,1
6989,0
6990,1
6991,0
6992,0
6993,1
6994,0
6995,0
6996,1
6997,0
6998,1
6999,0
7000,1
7001,0
7002,0
7003,0
7004,1
7005,1
7006,0
7007,1
7008,1
7009,0
7010,1
7011,1
7012,0
7013,0
7014,0
7015,1
7016,1
7017,0
7018,1
7019,1
7020,1
7021,1
7022,0
7023,1
7024,1
7025,1
7026,0
7027,0
7028,1
7029,0
7030,1
7031,1
7032,0
7033,0
7034,0
7035,1
7036,0
7037,0
7038,1
7039,1
7040,0
7041,0
7042,1
7043,1
7044,0
7045,0
7046,1
7047,0
7048,0
7049,1
7050,1
7051,0
7052,1
7053,1
7054,0
7055,1
7056,0
7057,0
7058,1
7059,1
7060,1
7061,0
7062,0
7063,0
7064,1
7065,0
7066,1
7067,0
7068,0
7069,0
7070,0
7071,1
7072,0
7073,1
7074,1
7075,0
7076,0
7077,1
7078,1
7079,0
7080,0
7081,1
7082,0
7083,1
7084,1
7085,1
7086,1
7087,0
7088,1
7089,1
7090,1
7091,1
7092,0
7093,1
7094,0
7095,0
7096,1
7097,0
7098,1
7099,0
7100,0
7101,1
7102,0
7103,0
7104,0
7105,0
7106,1
7107,0
7108,0
7109,0
7110,0
7111,1
7112,1
7113,1
7114,1
7115,0
7116,1
7117,1
7118,1
7119,0
7120,1
7121,0
7122,1
7123,1
7124,1
7125,1
7126,0
7127,0
7128,0
7129,0
7130,1
7131,1
7132,1
7133,0
7134,1
7135,0
7136,0
7137,1
7138,1
7139,0
7140,0
7141,1
7142,0
7143,1
7144,1
7145,1
7146,0
7147,0
7148,0
7149,0
7150,0
7151,0
7152,1
7153,1
7154,0
7155,1
7156,1
7157,1
7158,0
7159,0
7160,1
7161,1
7162,0
7163,1
7164,1
7165,1
7166,1
7167,1
7168,0
7169,0
7170,1
7171,1
7172,0
7173,1
7174,1
7175,0
7176,0
7177,0
7178,1
7179,1
7180,0
7181,1
7182,0
7183,0
7184,1
7185,1
7186,0
7187,1
7188,1
7189,0
7190,0
7191,0
7192,1
7193,0
7194,0
7195,0
7196,1
7197,1
7198,1
7199,1
7200,1
7201,0
7202,1
7203,0
7204,1
7205,0
7206,1
7207,1
7208,1
7209,0
7210,0
7211,0
7212,0
7213,0
7214,1
7215,0
7216,1
7217,0
7218,0
7219,1
7220,0
7221,0
7222,0
7223,0
7224,1
7225,0
7226,1
7227,0
7228,1
7229,0
7230,1
7231,1
7232,0
7233,1
7234,0
7235,1
7236,1
7237,1
7238,0
7239,1
7240,0
7241,1
7242,0
7243,0
7244,1
7245,0
7246,0
7247,0
7248,0
7249,1
7250,0
7251,1
7252,0
7253,1
7254,0
7255,1
7256,0
7257,0
7258,0
7259,0
7260,0
7261,1
7262,1
7263,1
7264,0
7265,1
7266,1
7267,0
7268,0
7269,0
7270,0
7271,0
7272,1
7273,0
7274,0
7275,1
7276,0
7277,1
7278,0
7279,1
7280,1
7281,1
7282,0
7283,1
7284,0
7285,0
7286,1
7287,1
7288,0
7289,1
7290,1
7291,0
7292,0
7293,1
7294,1
7295,1
7296,0
7297,0
7298,1
7299,1
7300,1
7301,0
7302,0
7303,0
7304,1
7305,0
7306,0
7307,0
7308,1
7309,0
7310,1
7311,0
7312,0
7313,0
7314,1
7315,0
7316,1
7317,0
7318,1
7319,0
7320,0
7321,1
7322,0
7323,1
7324,0
7325,1
7326,0
7327,1
7328,0
7329,0
7330,0
7331,0
7332,0
7333,0
7334,1
7335,1
7336,0
7337,0
7338,0
7339,1
7340,1
7341,1
7342,1
7343,0
7344,1
7345,0
7346,0
7347,1
7348,0
7349,1
7350,1
7351,0
7352,1
7353,0
7354,0
7355,0
7356,0
7357,1
7358,1
7359,1
7360,1
7361,0
7362,1
7363,1
7364,1
7365,1
7366,1
7367,0
7368,1
7369,1
7370,1
7371,1
7372,0
7373,1
7374,0
7375,0
7376,1
7377,0
7378,0
7379,1
7380,0
7381,1
7382,1
7383,0
7384,0
7385,0
7386,1
7387,0
7388,1
7389,1
7390,0
7391,1
7392,1
7393,1
7394,0
7395,1
7396,0
7397,1
7398,0
7399,0
7400,0
7401,0
7402,1
7403,0
7404,0
7405,1
7406,0
7407,1
7408,1
7409,1
7410,0
7411,1
7412,0
7413,1
7414,1
7415,1
7416,0
7417,1
7418,0
7419,1
7420,1
7421,0
7422,1
7423,1
7424,1
7425,1
7426,0
7427,1
7428,0
7429,0
7430,1
7431,1
7432,0
7433,0
7434,1
7435,0
7436,0
7437,1
7438,0
7439,0
7440,0
7441,1
7442,1
7443,0
7444,1
7445,0
7446,1
7447,1
7448,1
7449,1
7450,0
7451,1
7452,1
7453,0
7454,0
7455,1
7456,1
7457,1
7458,0
7459,0
7460,1
7461,0
7462,0
7463,0
7464,1
7465,0
7466,0
7467,1
7468,1
7469,0
7470,0
7471,0
7472,0
7473,0
7474,1
7475,0
7476,0
7477,0
7478,0
7479,0
7480,0
7481,0
7482,0
7483,0
7484,0
7485,1
7486,1
7487,1
7488,1
7489,0
7490,1
7491,1
7492,1
7493,0
7494,0
7495,0
7496,1
7497,0
7498,0
7499,0
7500,1
7501,0
7502,1
7503,1
7504,0
7505,1
7506,0
7507,1
7508,1
7509,1
7510,1
7511,0
7512,0
7513,0
7514,1
7515,0
7516,0
7517,1
7518,1
7519,1
7520,0
7521,0
7522,0
7523,0
7524,1
7525,0
7526,1
7527,0
7528,0
7529,0
7530,1
7531,1
7532,0
7533,0
7534,0
7535,1
7536,0
7537,1
7538,0
7539,1
7540,1
7541,0
7542,1
7543,1
7544,0
7545,1
7546,1
7547,0
7548,0
7549,0
7550,1
7551,0
7552,0
7553,0
7554,0
7555,0
7556,1
7557,1
7558,1
7559,0
7560,0
7561,0
7562,1
7563,1
7564,1
7565,1
7566,1
7567,1
7568,1
7569,1
7570,1
7571,0
7572,1
7573,0
7574,1
7575,1
7576,0
7577,0
7578,0
7579,1
7580,0
7581,0
7582,1
7583,1
7584,0
7585,0
7586,1
7587,1
7588,1
7589,0
7590,1
7591,0
7592,0
7593,1
7594,1
7595,1
7596,1
7597,0
7598,1
7599,1
7600,1
7601,1
7602,1
7603,1
7604,1
7605,0
7606,0
7607,0
7608,0
7609,1
7610,1
7611,0
7612,0
7613,1
7614,0
7615,1
7616,1
7617,1
7618,1
7619,1
7620,0
7621,0
7622,1
7623,0
7624,0
7625,0
7626,0
7627,1
7628,0
7629,0
7630,0
7631,1
7632,0
7633,0
7634,0
7635,0
7636,1
7637,0
7638,0
7639,0
7640,0
7641,0
7642,0
7643,1
7644,1
7645,1
7646,0
7647,0
7648,1
7649,1
7650,1
7651,1
7652,1
7653,0
7654,0
7655,0
7656,0
7657,0
7658,0
7659,0
7660,0
7661,0
7662,0
7663,0
7664,0
7665,0
7666,1
7667,1
7668,1
7669,1
7670,0
7671,1
7672,1
7673,1
7674,1
7675,1
7676,1
7677,0
7678,1
7679,1
7680,1
7681,1
7682,0
7683,1
7684,0
7685,0
7686,1
7687,1
7688,1
7689,1
7690,1
7691,0
7692,0
7693,0
7694,1
7695,1
7696,0
7697,0
7698,0
7699,1
7700,0
7701,0
7702,1
7703,1
7704,1
7705,1
7706,0
7707,0
7708,1
7709,1
7710,1
7711,0
7712,0
7713,1
7714,0
7715,1
7716,1
7717,1
7718,0
7719,1
7720,0
7721,0
7722,0
7723,0
7724,1
7725,0
7726,1
7727,0
7728,1
7729,1
7730,0
7731,1
7732,1
7733,0
7734,1
7735,0
7736,1
7737,0
7738,1
7739,1
7740,0
7741,1
7742,0
7743,0
7744,1
7745,1
7746,0
7747,1
7748,1
7749,1
7750,0
7751,1
7752,1
7753,1
7754,1
7755,1
7756,1
7757,1
7758,1
7759,0
7760,0
7761,0
7762,0
7763,1
7764,1
7765,1
7766,0
7767,1
7768,1
7769,1
7770,0
7771,0
7772,0
7773,1
7774,0
7775,1
7776,1
7777,1
7778,1
7779,0
7780,0
7781,0
7782,0
7783,1
7784,0
7785,0
7786,0
7787,0
7788,0
7789,1
7790,1
7791,1
7792,0
7793,1
7794,1
7795,1
7796,1
7797,0
7798,1
7799,0
7800,1
7801,0
7802,1
7803,1
7804,0
7805,1
7806,0
7807,1
7808,1
7809,0
7810,0
7811,1
7812,1
7813,1
7814,0
7815,0
7816,0
7817,1
7818,0
7819,1
7820,0
7821,1
7822,0
7823,1
7824,1
7825,1
7826,1
7827,1
7828,1
7829,1
7830,1
7831,0
7832,1
7833,1
7834,0
7835,1
7836,1
7837,1
7838,0
7839,1
7840,1
7841,1
7842,1
7843,0
7844,1
7845,1
7846,1
7847,0
7848,1
7849,0
7850,1
7851,1
7852,0
7853,0
7854,0
7855,0
7856,1
7857,1
7858,0
7859,0
7860,1
7861,0
7862,0
7863,0
7864,0
7865,1
7866,0
7867,0
7868,1
7869,1
7870,0
7871,1
7872,1
7873,0
7874,1
7875,0
7876,1
7877,1
7878,0
7879,1
7880,0
7881,1
7882,0
7883,0
7884,1
7885,1
7886,1
7887,0
7888,1
7889,0
7890,0
7891,1
7892,1
7893,1
7894,0
7895,0
7896,1
7897,0
7898,1
7899,1
7900,0
7901,1
7902,1
7903,0
7904,0
7905,1
7906,0
7907,0
7908,0
7909,1
7910,0
7911,1
7912,1
7913,0
7914,1
7915,0
7916,1
7917,0
7918,0
7919,0
7920,0
7921,0
7922,0
7923,0
7924,1
7925,1
7926,0
7927,0
7928,1
7929,0
7930,1
7931,1
7932,0
7933,0
7934,1
7935,0
7936,0
7937,0
7938,0
7939,0
7940,1
7941,0
7942,1
7943,1
7944,1
7945,0
7946,0
7947,0
7948,0
7949,0
7950,1
7951,0
7952,1
7953,0
7954,1
7955,1
7956,0
7957,0
7958,1
7959,0
7960,0
7961,1
7962,1
7963,1
7964,1
7965,0
7966,0
7967,1
7968,0
7969,1
7970,1
7971,1
7972,0
7973,1
7974,1
7975,1
7976,1
7977,0
7978,1
7979,0
7980,1
7981,0
7982,0
7983,1
7984,0
7985,0
7986,1
7987,1
7988,1
7989,1
7990,0
7991,1
7992,1
7993,0
7994,1
7995,0
7996,0
7997,0
7998,1
7999,0
8000,0
8001,1
8002,1
8003,0
8004,0
8005,0
8006,1
8007,1
8008,1
8009,1
8010,1
8011,1
8012,0
8013,0
8014,0
8015,1
8016,1
8017,1
8018,0
8019,1
8020,1
8021,1
8022,1
8023,0
8024,1
8025,0
8026,0
8027,1
8028,1
8029,1
8030,1
8031,0
8032,0
8033,0
8034,1
8035,1
8036,1
8037,0
8038,0
8039,1
8040,1
8041,1
8042,0
8043,1
8044,1
8045,1
8046,1
8047,0
8048,1
8049,1
8050,1
8051,0
8052,1
8053,1
8054,1
8055,0
8056,1
8057,0
8058,1
8059,0
8060,0
8061,1
8062,1
8063,1
8064,0
8065,0
8066,1
8067,1
8068,1
8069,1
8070,0
8071,0
8072,1
8073,1
8074,1
8075,0
8076,1
8077,1
8078,0
8079,0
8080,0
8081,0
8082,1
8083,0
8084,1
8085,0
8086,0
8087,0
8088,1
8089,0
8090,1
8091,1
8092,1
8093,0
8094,0
8095,1
8096,0
8097,0
8098,0
8099,1
8100,0
8101,1
8102,1
8103,1
8104,0
8105,0
8106,1
8107,0
8108,1
8109,1
8110,1
8111,1
8112,1
8113,1
8114,1
8115,0
8116,0
8117,1
8118,0
8119,1
8120,0
8121,0
8122,0
8123,1
8124,1
8125,0
8126,1
8127,0
8128,1
8129,0
8130,0
8131,1
8132,0
8133,0
8134,1
8135,0
8136,0
8137,0
8138,0
8139,1
8140,0
8141,0
8142,0
8143,0
8144,0
8145,1
8146,0
8147,0
8148,0
8149,0
8150,0
8151,1
8152,0
8153,1
8154,1
8155,1
8156,0
8157,0
8158,1
8159,1
8160,0
8161,1
8162,0
8163,1
8164,1
8165,1
8166,1
8167,0
8168,1
8169,0
8170,0
8171,1
8172,1
8173,0
8174,1
8175,1
8176,0
8177,1
8178,0
8179,0
8180,1
8181,0
8182,1
8183,0
8184,0
8185,0
8186,1
8187,0
8188,0
8189,0
8190,0
8191,0
8192,0
8193,0
8194,0
8195,1
8196,0
8197,1
8198,0
8199,0
8200,0
8201,0
8202,1
8203,1
8204,0
8205,0
8206,1
8207,0
8208,0
8209,1
8210,1
8211,0
8212,0
8213,0
8214,1
8215,1
8216,0
8217,1
8218,1
8219,0
8220,0
8221,1
8222,0
8223,0
8224,0
8225,0
8226,1
8227,0
8228,0
8229,0
8230,0
8231,1
8232,1
8233,0
8234,1
8235,0
8236,1
8237,0
8238,0
8239,1
8240,0
8241,0
8242,1
8243,0
8244,0
8245,0
8246,0
8247,1
8248,1
8249,1
8250,0
8251,0
8252,0
8253,1
8254,0
8255,1
8256,1
8257,1
8258,0
8259,0
8260,0
8261,1
8262,0
8263,1
8264,0
8265,1
8266,0
8267,0
8268,0
8269,0
8270,1
8271,0
8272,0
8273,0
8274,0
8275,0
8276,1
8277,1
8278,1
8279,0
8280,1
8281,1
8282,0
8283,0
8284,1
8285,0
8286,1
8287,0
8288,1
8289,1
8290,0
8291,0
8292,1
8293,1
8294,0
8295,0
8296,1
8297,0
8298,0
8299,1
8300,1
8301,1
8302,0
8303,1
8304,1
8305,1
8306,1
8307,0
8308,1
8309,0
8310,0
8311,0
8312,1
8313,0
8314,0
8315,0
8316,0
8317,1
8318,1
8319,0
8320,0
8321,1
8322,1
8323,1
8324,0
8325,0
8326,0
8327,0
8328,1
8329,0
8330,1
8331,0
8332,1
8333,1
8334,0
8335,0
8336,0
8337,0
8338,1
8339,1
8340,1
8341,0
8342,0
8343,0
8344,1
8345,1
8346,1
8347,0
8348,1
8349,0
8350,0
8351,1
8352,1
8353,0
8354,1
8355,0
8356,1
8357,0
8358,1
8359,0
8360,0
8361,0
8362,0
8363,1
8364,1
8365,1
8366,0
8367,0
8368,1
8369,1
8370,0
8371,1
8372,1
8373,0
8374,1
8375,1
8376,1
8377,1
8378,0
8379,0
8380,1
8381,1
8382,0
8383,1
8384,0
8385,0
8386,0
8387,1
8388,1
8389,1
8390,1
8391,0
8392,1
8393,0
8394,0
8395,0
8396,0
8397,1
8398,1
8399,0
8400,1
8401,0
8402,1
8403,0
8404,0
8405,1
8406,1
8407,1
8408,1
8409,0
8410,0
8411,0
8412,1
8413,0
8414,1
8415,0
8416,0
8417,0
8418,1
8419,1
8420,1
8421,0
8422,0
8423,1
8424,0
8425,0
8426,1
8427,0
8428,0
8429,1
8430,1
8431,0
8432,0
8433,1
8434,0
8435,1
8436,0
8437,1
8438,1
8439,0
8440,1
8441,1
8442,0
8443,1
8444,1
8445,0
8446,0
8447,1
8448,1
8449,0
8450,0
8451,1
8452,0
8453,0
8454,1
8455,1
8456,0
8457,1
8458,1
8459,1
8460,1
8461,0
8462,0
8463,0
8464,1
8465,1
8466,0
8467,1
8468,0
8469,0
8470,1
8471,1
8472,0
8473,1
8474,0
8475,1
8476,0
8477,0
8478,0
8479,0
8480,1
8481,1
8482,1
8483,0
8484,1
8485,0
8486,1
8487,1
8488,1
8489,1
8490,1
8491,0
8492,1
8493,0
8494,0
8495,0
8496,1
8497,0
8498,0
8499,0
8500,0
8501,0
8502,1
8503,0
8504,1
8505,1
8506,1
8507,1
8508,0
8509,1
8510,0
8511,0
8512,1
8513,0
8514,1
8515,0
8516,0
8517,1
8518,0
8519,0
8520,1
8521,0
8522,0
8523,1
8524,0
8525,1
8526,0
8527,1
8528,0
8529,1
8530,0
8531,1
8532,1
8533,0
8534,0
8535,1
8536,1
8537,1
8538,1
8539,0
8540,1
8541,1
8542,1
8543,1
8544,0
8545,0
8546,0
8547,0
8548,1
8549,1
8550,1
8551,0
8552,0
8553,1
8554,1
8555,1
8556,0
8557,1
8558,1
8559,0
8560,1
8561,0
8562,0
8563,1
8564,1
8565,0
8566,0
8567,0
8568,0
8569,1
8570,0
8571,1
8572,0
8573,1
8574,0
8575,0
8576,0
8577,0
8578,0
8579,1
8580,1
8581,0
8582,1
8583,1
8584,0
8585,1
8586,1
8587,1
8588,1
8589,0
8590,0
8591,1
8592,1
8593,0
8594,0
8595,0
8596,0
8597,0
8598,0
8599,1
8600,1
8601,0
8602,1
8603,0
8604,1
8605,1
8606,0
8607,0
8608,0
8609,1
8610,0
8611,0
8612,1
8613,1
8614,0
8615,1
8616,1
8617,1
8618,1
8619,0
8620,1
8621,0
8622,0
8623,0
8624,0
8625,0
8626,1
8627,0
8628,0
8629,0
8630,1
8631,1
8632,0
8633,0
8634,0
8635,0
8636,1
8637,1
8638,1
8639,0
8640,1
8641,0
8642,1
8643,1
8644,1
8645,1
8646,1
8647,0
8648,1
8649,1
8650,1
8651,1
8652,0
8653,0
8654,0
8655,0
8656,0
8657,1
8658,1
8659,0
8660,0
8661,0
8662,0
8663,0
8664,0
8665,1
8666,0
8667,1
8668,1
8669,0
8670,0
8671,0
8672,0
8673,0
8674,0
8675,1
8676,0
8677,1
8678,0
8679,1
8680,0
8681,0
8682,0
8683,1
8684,1
8685,1
8686,1
8687,0
8688,0
8689,0
8690,1
8691,0
8692,0
8693,1
8694,1
8695,1
8696,1
8697,1
8698,1
8699,1
8700,1
8701,1
8702,0
8703,1
8704,1
8705,0
8706,0
8707,1
8708,1
8709,1
8710,1
8711,1
8712,1
8713,1
8714,1
8715,1
8716,0
8717,0
8718,0
8719,0
8720,1
8721,1
8722,0
8723,0
8724,0
8725,1
8726,0
8727,1
8728,1
8729,1
8730,0
8731,1
8732,0
8733,0
8734,1
8735,0
8736,0
8737,1
8738,0
8739,1
8740,0
8741,1
8742,1
8743,0
8744,1
8745,1
8746,0
8747,1
8748,1
8749,0
8750,1
8751,1
8752,0
8753,1
8754,1
8755,0
8756,1
8757,0
8758,0
8759,1
8760,0
8761,1
8762,0
8763,0
8764,0
8765,0
8766,0
8767,0
8768,0
8769,1
8770,1
8771,1
8772,1
8773,0
8774,0
8775,0
8776,1
8777,0
8778,0
8779,1
8780,0
8781,1
8782,0
8783,1
8784,0
8785,1
8786,0
8787,1
8788,0
8789,0
8790,1
8791,0
8792,1
8793,1
8794,1
8795,0
8796,1
8797,1
8798,0
8799,1
8800,1
8801,1
8802,0
8803,1
8804,1
8805,1
8806,1
8807,0
8808,0
8809,0
8810,0
8811,0
8812,0
8813,0
8814,1
8815,1
8816,1
8817,0
8818,1
8819,0
8820,0
8821,1
8822,0
8823,0
8824,0
8825,1
8826,0
8827,1
8828,0
8829,1
8830,1
8831,0
8832,0
8833,1
8834,1
8835,1
8836,1
8837,0
8838,1
8839,1
8840,0
8841,1
8842,1
8843,0
8844,1
8845,0
8846,1
8847,1
8848,1
8849,1
8850,0
8851,1
8852,0
8853,1
8854,0
8855,1
8856,0
8857,0
8858,0
8859,0
8860,1
8861,0
8862,1
8863,1
8864,1
8865,1
8866,0
8867,1
8868,1
8869,0
8870,0
8871,1
8872,1
8873,0
8874,1
8875,0
8876,0
8877,0
8878,0
8879,1
8880,0
8881,0
8882,1
8883,1
8884,0
8885,1
8886,1
8887,0
8888,1
8889,1
8890,0
8891,0
8892,1
8893,0
8894,1
8895,1
8896,0
8897,0
8898,0
8899,1
8900,0
8901,0
8902,1
8903,1
8904,0
8905,0
8906,1
8907,1
8908,1
8909,1
8910,1
8911,0
8912,0
8913,0
8914,0
8915,0
8916,1
8917,1
8918,0
8919,1
8920,1
8921,1
8922,0
8923,0
8924,0
8925,0
8926,0
8927,0
8928,1
8929,1
8930,0
8931,0
8932,1
8933,0
8934,1
8935,1
8936,0
8937,1
8938,1
8939,1
8940,0
8941,0
8942,1
8943,0
8944,0
8945,0
8946,1
8947,0
8948,0
8949,0
8950,0
8951,0
8952,0
8953,1
8954,1
8955,0
8956,0
8957,0
8958,1
8959,1
8960,1
8961,0
8962,0
8963,0
8964,0
8965,1
8966,0
8967,0
8968,0
8969,0
8970,0
8971,0
8972,0
8973,1
8974,1
8975,1
8976,1
8977,1
8978,0
8979,1
8980,1
8981,0
8982,1
8983,0
8984,1
8985,0
8986,0
8987,0
8988,1
8989,0
8990,0
8991,1
8992,1
8993,0
8994,1
8995,1
8996,0
8997,0
8998,1
8999,0
9000,0
9001,1
9002,1
9003,0
9004,0
9005,1
9006,0
9007,1
9008,1
9009,1
9010,0
9011,0
9012,1
9013,0
9014,1
9015,0
9016,0
9017,0
9018,0
9019,0
9020,0
9021,1
9022,1
9023,1
9024,0
9025,0
9026,0
9027,0
9028,1
9029,1
9030,1
9031,0
9032,0
9033,0
9034,0
9035,0
9036,1
9037,1
9038,0
9039,0
9040,1
9041,0
9042,1
9043,0
9044,0
9045,1
9046,0
9047,0
9048,0
9049,0
9050,0
9051,0
9052,0
9053,1
9054,0
9055,0
9056,1
9057,0
9058,1
9059,0
9060,0
9061,0
9062,1
9063,1
9064,1
9065,1
9066,1
9067,1
9068,1
9069,0
9070,0
9071,1
9072,1
9073,0
9074,1
9075,1
9076,1
9077,0
9078,0
9079,0
9080,0
9081,0
9082,1
9083,1
9084,0
9085,0
9086,1
9087,0
9088,1
9089,1
9090,0
9091,0
9092,0
9093,1
9094,0
9095,1
9096,1
9097,1
9098,1
9099,0
9100,0
9101,0
9102,1
9103,1
9104,0
9105,1
9106,0
9107,0
9108,0
9109,0
9110,1
9111,0
9112,0
9113,0
9114,0
9115,1
9116,1
9117,1
9118,0
9119,1
9120,1
9121,0
9122,1
9123,1
9124,0
9125,0
9126,1
9127,1
9128,1
9129,0
9130,0
9131,0
9132,0
9133,0
9134,1
9135,1
9136,0
9137,1
9138,1
9139,1
9140,0
9141,0
9142,1
9143,0
9144,1
9145,0
9146,1
9147,1
9148,0
9149,1
9150,1
9151,1
9152,1
9153,0
9154,0
9155,0
9156,0
9157,0
9158,1
9159,1
9160,1
9161,1
9162,1
9163,1
9164,0
9165,0
9166,1
9167,0
9168,1
9169,1
9170,0
9171,1
9172,0
9173,1
9174,1
9175,1
9176,0
9177,0
9178,0
9179,1
9180,1
9181,1
9182,0
9183,1
9184,1
9185,0
9186,0
9187,1
9188,1
9189,0
9190,0
9191,0
9192,1
9193,1
9194,1
9195,0
9196,1
9197,0
9198,1
9199,0
9200,0
9201,1
9202,0
9203,1
9204,0
9205,0
9206,0
9207,0
9208,0
9209,1
9210,1
9211,1
9212,1
9213,1
9214,1
9215,1
9216,1
9217,0
9218,0
9219,0
9220,0
9221,0
9222,0
9223,1
9224,1
9225,0
9226,0
9227,0
9228,1
9229,1
9230,0
9231,0
9232,0
9233,1
9234,0
9235,1
9236,0
9237,1
9238,1
9239,0
9240,1
9241,1
9242,0
9243,0
9244,0
9245,0
9246,1
9247,0
9248,0
9249,1
9250,1
9251,1
9252,1
9253,1
9254,0
9255,0
9256,0
9257,0
9258,0
9259,0
9260,1
9261,0
9262,0
9263,0
9264,1
9265,1
9266,1
9267,0
9268,0
9269,1
9270,1
9271,0
9272,1
9273,1
9274,0
9275,0
9276,1
9277,0
9278,0
9279,0
9280,0
9281,0
9282,0
9283,0
9284,1
9285,1
9286,1
9287,0
9288,1
9289,0
9290,0
9291,0
9292,1
9293,0
9294,0
9295,0
9296,1
9297,0
9298,0
9299,1
9300,0
9301,1
9302,0
9303,0
9304,1
9305,0
9306,1
9307,1
9308,0
9309,1
9310,1
9311,0
9312,0
9313,1
9314,0
9315,1
9316,0
9317,0
9318,1
9319,0
9320,1
9321,1
9322,0
9323,0
9324,0
9325,0
9326,0
9327,0
9328,0
9329,0
9330,0
9331,1
9332,1
9333,1
9334,0
9335,0
9336,0
9337,1
9338,1
9339,1
9340,0
9341,1
9342,0
9343,0
9344,1
9345,0
9346,1
9347,0
9348,1
9349,0
9350,1
9351,0
9352,0
9353,1
9354,1
9355,1
9356,0
9357,0
9358,0
9359,0
9360,1
9361,1
9362,0
9363,1
9364,0
9365,1
9366,0
9367,0
9368,1
9369,1
9370,0
9371,0
9372,0
9373,1
9374,1
9375,1
9376,0
9377,0
9378,1
9379,0
9380,1
9381,0
9382,1
9383,0
9384,1
9385,1
9386,0
9387,1
9388,0
9389,0
9390,1
9391,0
9392,0
9393,0
9394,1
9395,1
9396,1
9397,0
9398,1
9399,0
9400,0
9401,1
9402,1
9403,1
9404,0
9405,0
9406,0
9407,1
9408,0
9409,1
9410,1
9411,0
9412,1
9413,1
9414,1
9415,1
9416,1
9417,0
9418,0
9419,0
9420,0
9421,1
9422,1
9423,1
9424,1
9425,1
9426,1
9427,1
9428,1
9429,1
9430,1
9431,1
9432,1
9433,1
9434,0
9435,0
9436,0
9437,1
9438,0
9439,1
9440,0
9441,0
9442,0
9443,1
9444,1
9445,0
9446,0
9447,1
9448,1
9449,1
9450,0
9451,0
9452,1
9453,0
9454,1
9455,1
9456,1
9457,1
9458,1
9459,0
9460,0
9461,0
9462,0
9463,1
9464,0
9465,0
9466,0
9467,0
9468,0
9469,0
9470,1
9471,1
9472,0
9473,0
9474,1
9475,1
9476,1
9477,0
9478,1
9479,1
9480,1
9481,1
9482,1
9483,1
9484,1
9485,0
9486,1
9487,0
9488,0
9489,0
9490,1
9491,1
9492,0
9493,1
9494,1
9495,1
9496,1
9497,0
9498,1
9499,1
9500,0
9501,0
9502,1
9503,1
9504,0
9505,0
9506,0
9507,0
9508,1
9509,1
9510,1
9511,1
9512,1
9513,1
9514,0
9515,0
9516,1
9517,1
9518,1
9519,1
9520,1
9521,0
9522,1
9523,0
9524,0
9525,0
9526,0
9527,1
9528,0
9529,1
9530,1
9531,1
9532,1
9533,0
9534,1
9535,0
9536,1
9537,0
9538,1
9539,0
9540,0
9541,0
9542,0
9543,0
9544,0
9545,0
9546,1
9547,1
9548,0
9549,0
9550,1
9551,0
9552,1
9553,0
9554,0
9555,1
9556,0
9557,0
9558,0
9559,1
9560,1
9561,0
9562,1
9563,1
9564,1
9565,1
9566,0
9567,1
9568,1
9569,0
9570,0
9571,1
9572,0
9573,0
9574,0
9575,1
9576,0
9577,1
9578,1
9579,0
9580,0
9581,1
9582,0
9583,1
9584,1
9585,1
9586,0
9587,0
9588,0
9589,0
9590,0
9591,0
9592,1
9593,1
9594,0
9595,0
9596,0
9597,0
9598,0
9599,1
9600,1
9601,0
9602,0
9603,1
9604,1
9605,0
9606,0
9607,1
9608,1
9609,1
9610,1
9611,0
9612,0
9613,1
9614,0
9615,0
9616,1
9617,0
9618,1
9619,0
9620,1
9621,0
9622,0
9623,1
9624,1
9625,0
9626,1
9627,1
9628,1
9629,1
9630,1
9631,0
9632,1
9633,0
9634,0
9635,1
9636,1
9637,0
9638,0
9639,1
9640,0
9641,0
9642,0
9643,1
9644,1
9645,0
9646,0
9647,1
9648,0
9649,0
9650,0
9651,0
9652,0
9653,0
9654,1
9655,0
9656,0
9657,0
9658,1
9659,1
9660,0
9661,0
9662,0
9663,0
9664,0
9665,1
9666,0
9667,1
9668,1
9669,1
9670,0
9671,0
9672,1
9673,1
9674,1
9675,1
9676,1
9677,0
9678,0
9679,0
9680,1
9681,1
9682,1
9683,1
9684,1
9685,1
9686,1
9687,1
9688,0
9689,1
9690,1
9691,0
9692,0
9693,0
9694,0
9695,0
9696,0
9697,1
9698,0
9699,1
9700,0
9701,1
9702,0
9703,0
9704,1
9705,0
9706,1
9707,0
9708,1
9709,0
9710,0
9711,0
9712,1
9713,0
9714,0
9715,0
9716,0
9717,0
9718,1
9719,1
9720,0
9721,1
9722,1
9723,1
9724,0
9725,0
9726,0
9727,0
9728,0
9729,1
9730,0
9731,0
9732,0
9733,1
9734,1
9735,1
9736,1
9737,1
9738,0
9739,0
9740,0
9741,0
9742,0
9743,0
9744,1
9745,0
9746,0
9747,1
9748,0
9749,1
9750,1
9751,0
9752,0
9753,0
9754,1
9755,0
9756,1
9757,1
9758,1
9759,0
9760,0
9761,1
9762,0
9763,1
9764,1
9765,0
9766,1
9767,0
9768,0
9769,1
9770,0
9771,0
9772,0
9773,1
9774,0
9775,1
9776,0
9777,1
9778,1
9779,1
9780,1
9781,0
9782,0
9783,1
9784,0
9785,1
9786,0
9787,1
9788,1
9789,1
9790,0
9791,0
9792,0
9793,1
9794,0
9795,1
9796,0
9797,1
9798,1
9799,0
9800,1
9801,1
9802,1
9803,1
9804,0
9805,1
9806,1
9807,0
9808,0
9809,0
9810,1
9811,1
9812,0
9813,1
9814,1
9815,1
9816,0
9817,1
9818,1
9819,0
9820,1
9821,0
9822,0
9823,1
9824,1
9825,0
9826,1
9827,1
9828,1
9829,1
9830,0
9831,0
9832,0
9833,1
9834,1
9835,0
9836,1
9837,0
9838,1
9839,1
9840,1
9841,0
9842,1
9843,1
9844,1
9845,0
9846,1
9847,1
9848,1
9849,1
9850,0
9851,0
9852,0
9853,0
9854,1
9855,1
9856,0
9857,0
9858,1
9859,0
9860,0
9861,0
9862,0
9863,1
9864,1
9865,0
9866,1
9867,1
9868,1
9869,0
9870,1
9871,1
9872,0
9873,1
9874,1
9875,1
9876,1
9877,0
9878,0
9879,0
9880,1
9881,1
9882,1
9883,1
9884,1
9885,1
9886,0
9887,1
9888,0
9889,0
9890,1
9891,1
9892,1
9893,0
9894,0
9895,0
9896,0
9897,1
9898,1
9899,0
9900,1
9901,0
9902,1
9903,1
9904,0
9905,0
9906,1
9907,1
9908,1
9909,1
9910,1
9911,0
9912,1
9913,1
9914,1
9915,1
9916,0
9917,1
9918,0
9919,0
9920,1
9921,0
9922,0
9923,0
9924,0
9925,1
9926,0
9927,0
9928,0
9929,0
9930,0
9931,0
9932,1
9933,1
9934,1
9935,1
9936,0
9937,1
9938,0
9939,1
9940,0
9941,1
9942,0
9943,0
9944,0
9945,1
9946,0
9947,1
9948,0
9949,0
9950,0
9951,0
9952,0
9953,1
9954,1
9955,1
9956,0
9957,0
9958,1
9959,1
9960,1
9961,0
9962,1
9963,0
9964,1
9965,1
9966,0
9967,1
9968,0
9969,0
9970,0
9971,1
9972,1
9973,0
9974,0
9975,1
9976,0
9977,0
9978,0
9979,0
9980,0
9981,0
9982,0
9983,1
9984,1
9985,1
9986,1
9987,0
9988,0
9989,1
9990,0
9991,1
9992,0
9993,1
9994,1
9995,1
9996,0
9997,0
9998,1
9999,0
10000,1
